benefit,cost
0,0.0
0,0.0
0,0.0
1,232.5
2,46.08333333
0,0.0
3,69.0
4,210.5
5,89.50000000000001
6,21.0
7,21.0
0,0.0
8,19.0
0,0.0
9,27.0
10,229.20000000000002
0,0.0
0,0.0
11,123.0909091
0,0.0
0,0.0
0,0.0
12,31.23076923
13,128.2
0,0.0
14,2.0
0,0.0
15,34.0
0,0.0
16,53.0
17,27.666666670000005
18,39.85714286
0,0.0
0,0.0
19,25.0
0,0.0
0,0.0
0,0.0
0,0.0
0,0.0
0,0.0
20,46.28571429
21,32.0
22,45.33333333000001
0,0.0
23,109.8571429
24,103.66666669999998
25,38.66666667
0,0.0
26,61.5
27,52.7
0,0.0
28,132.0
29,38.0
30,8.0
0,0.0
0,0.0
0,0.0
31,21.999999999999996
32,39.0
0,0.0
33,37.99999999999999
0,0.0
0,0.0
0,0.0
0,0.0
34,29.000000000000004
0,0.0
35,23.0
36,220.0
0,0.0
0,0.0
0,0.0
0,0.0
0,0.0
37,19.0
0,0.0
0,0.0
38,240.0
0,0.0
0,0.0
39,139.0
0,0.0
0,0.0
40,34.875
0,0.0
41,84.66666667
0,0.0
0,0.0
42,56.800000000000004
43,0.0
0,0.0
44,12.000000000000002
0,0.0
0,0.0
45,30.428571429999998
46,6.749999999999999
0,0.0
47,139.0
0,0.0
48,0.0
49,17.0
50,28.500000000000004
0,0.0
51,107.0
0,0.0
0,0.0
52,122.0
0,0.0
0,0.0
53,24.999999999999996
0,0.0
0,0.0
54,29.6
0,0.0
0,0.0
0,0.0
55,58.50000000000001
0,0.0
0,0.0
56,96.0
0,0.0
57,66.33333333
0,0.0
0,0.0
58,58.99999999999999
59,220.25
0,0.0
0,0.0
0,0.0
0,0.0
0,0.0
0,0.0
0,0.0
0,0.0
60,221.6666667
0,0.0
61,178.5
62,128.0
63,150.0
0,0.0
0,0.0
64,0.0
0,0.0
0,0.0
65,8.0
66,10.875000000000002
0,0.0
0,0.0
67,27.6
0,0.0
0,0.0
0,0.0
0,0.0
68,59.77777778000001
69,51.0
70,27.71428571
71,42.84615385
0,0.0
0,0.0
0,0.0
0,0.0
0,0.0
0,0.0
0,0.0
72,36.0
0,0.0
0,0.0
73,42.5
0,0.0
0,0.0
0,0.0
0,0.0
74,111.0
0,0.0
75,74.0
0,0.0
0,0.0
0,0.0
0,0.0
76,13.0
0,0.0
0,0.0
0,0.0
0,0.0
0,0.0
0,0.0
0,0.0
77,59.5
78,0.0
79,0.0
0,0.0
0,0.0
0,0.0
0,0.0
0,0.0
0,0.0
0,0.0
0,0.0
80,30.0
81,84.0
0,0.0
0,0.0
0,0.0
82,0.0
0,0.0
0,0.0
0,0.0
0,0.0
0,0.0
0,0.0
0,0.0
0,0.0
0,0.0
0,0.0
0,0.0
0,0.0
0,0.0
83,43.47368421
84,12.0
0,0.0
0,0.0
0,0.0
0,0.0
0,0.0
0,0.0
85,61.5
0,0.0
0,0.0
86,12.0
87,0.0
0,0.0
88,119.0
0,0.0
0,0.0
0,0.0
0,0.0
0,0.0
0,0.0
0,0.0
0,0.0
0,0.0
0,0.0
0,0.0
0,0.0
0,0.0
0,0.0
0,0.0
0,0.0
0,0.0
0,0.0
0,0.0
0,0.0
0,0.0
0,0.0
0,0.0
0,0.0
0,0.0
0,0.0
0,0.0
0,0.0
0,0.0
0,0.0
0,0.0
89,121.75000000000001
0,0.0
0,0.0
0,0.0
0,0.0
0,0.0
90,0.0
0,0.0
0,0.0
0,0.0
0,0.0
0,0.0
0,0.0
0,0.0
91,45.625
0,0.0
0,0.0
0,0.0
0,0.0
0,0.0
0,0.0
92,51.0
0,0.0
0,0.0
0,0.0
0,0.0
0,0.0
0,0.0
0,0.0
0,0.0
0,0.0
0,0.0
0,0.0
0,0.0
0,0.0
0,0.0
93,43.0
0,0.0
94,162.0
0,0.0
0,0.0
0,0.0
0,0.0
0,0.0
0,0.0
0,0.0
0,0.0
0,0.0
0,0.0
0,0.0
0,0.0
0,0.0
0,0.0
0,0.0
0,0.0
0,0.0
0,0.0
0,0.0
0,0.0
0,0.0
0,0.0
0,0.0
0,0.0
0,0.0
0,0.0
95,130.7142857
0,0.0
96,204.0
0,0.0
0,0.0
97,39.0
98,62.99999999999999
0,0.0
99,160.0
0,0.0
100,211.49999999999997
0,0.0
0,0.0
0,0.0
0,0.0
0,0.0
0,0.0
0,0.0
0,0.0
0,0.0
0,0.0
101,69.0
102,50.0
0,0.0
0,0.0
0,0.0
0,0.0
0,0.0
0,0.0
0,0.0
0,0.0
0,0.0
0,0.0
0,0.0
0,0.0
0,0.0
0,0.0
0,0.0
0,0.0
0,0.0
0,0.0
0,0.0
0,0.0
0,0.0
103,29.0
0,0.0
0,0.0
0,0.0
0,0.0
0,0.0
0,0.0
0,0.0
0,0.0
0,0.0
0,0.0
0,0.0
0,0.0
0,0.0
0,0.0
104,26.88888889
0,0.0
0,0.0
0,0.0
0,0.0
0,0.0
0,0.0
0,0.0
0,0.0
0,0.0
0,0.0
0,0.0
0,0.0
0,0.0
0,0.0
105,155.0
0,0.0
0,0.0
0,0.0
0,0.0
0,0.0
0,0.0
0,0.0
0,0.0
0,0.0
0,0.0
0,0.0
0,0.0
0,0.0
0,0.0
0,0.0
0,0.0
0,0.0
0,0.0
0,0.0
0,0.0
0,0.0
0,0.0
0,0.0
0,0.0
0,0.0
0,0.0
0,0.0
0,0.0
0,0.0
0,0.0
0,0.0
0,0.0
0,0.0
0,0.0
0,0.0
0,0.0
0,0.0
0,0.0
0,0.0
0,0.0
0,0.0
0,0.0
0,0.0
0,0.0
0,0.0
0,0.0
0,0.0
0,0.0
0,0.0
0,0.0
0,0.0
0,0.0
0,0.0
0,0.0
106,86.99999999999999
0,0.0
107,38.09090909
0,0.0
0,0.0
0,0.0
0,0.0
0,0.0
0,0.0
0,0.0
0,0.0
0,0.0
0,0.0
0,0.0
0,0.0
0,0.0
0,0.0
0,0.0
0,0.0
0,0.0
0,0.0
0,0.0
0,0.0
0,0.0
0,0.0
0,0.0
0,0.0
0,0.0
0,0.0
0,0.0
0,0.0
0,0.0
0,0.0
0,0.0
0,0.0
0,0.0
0,0.0
0,0.0
0,0.0
0,0.0
0,0.0
0,0.0
0,0.0
0,0.0
0,0.0
0,0.0
0,0.0
0,0.0
0,0.0
0,0.0
0,0.0
0,0.0
0,0.0
0,0.0
0,0.0
0,0.0
0,0.0
0,0.0
0,0.0
0,0.0
0,0.0
0,0.0
0,0.0
0,0.0
0,0.0
0,0.0
108,197.6
0,0.0
0,0.0
0,0.0
0,0.0
0,0.0
0,0.0
0,0.0
0,0.0
0,0.0
0,0.0
0,0.0
0,0.0
109,81.87500000000001
0,0.0
110,183.4615385
0,0.0
0,0.0
0,0.0
0,0.0
111,126.3333333
0,0.0
0,0.0
0,0.0
0,0.0
0,0.0
0,0.0
0,0.0
0,0.0
0,0.0
0,0.0
0,0.0
112,55.0
0,0.0
0,0.0
0,0.0
0,0.0
0,0.0
0,0.0
0,0.0
113,39.00000000000001
0,0.0
0,0.0
0,0.0
0,0.0
0,0.0
0,0.0
0,0.0
0,0.0
0,0.0
0,0.0
0,0.0
0,0.0
0,0.0
0,0.0
0,0.0
0,0.0
0,0.0
0,0.0
114,78.08333333000002
0,0.0
0,0.0
0,0.0
0,0.0
0,0.0
0,0.0
0,0.0
0,0.0
0,0.0
0,0.0
0,0.0
0,0.0
0,0.0
0,0.0
0,0.0
0,0.0
0,0.0
0,0.0
0,0.0
0,0.0
0,0.0
0,0.0
0,0.0
0,0.0
115,123.24999999999999
0,0.0
0,0.0
0,0.0
0,0.0
0,0.0
0,0.0
0,0.0
0,0.0
0,0.0
0,0.0
0,0.0
0,0.0
0,0.0
0,0.0
0,0.0
0,0.0
0,0.0
0,0.0
0,0.0
0,0.0
0,0.0
0,0.0
0,0.0
0,0.0
0,0.0
116,181.5
0,0.0
0,0.0
0,0.0
0,0.0
0,0.0
0,0.0
0,0.0
0,0.0
0,0.0
0,0.0
0,0.0
0,0.0
0,0.0
0,0.0
0,0.0
0,0.0
0,0.0
117,66.88888889
0,0.0
0,0.0
0,0.0
0,0.0
0,0.0
0,0.0
0,0.0
0,0.0
0,0.0
0,0.0
0,0.0
0,0.0
0,0.0
0,0.0
0,0.0
0,0.0
0,0.0
0,0.0
0,0.0
0,0.0
0,0.0
0,0.0
0,0.0
0,0.0
0,0.0
118,57.2
0,0.0
0,0.0
0,0.0
0,0.0
0,0.0
0,0.0
0,0.0
0,0.0
0,0.0
119,61.79999999999999
0,0.0
0,0.0
0,0.0
0,0.0
0,0.0
0,0.0
0,0.0
0,0.0
0,0.0
0,0.0
0,0.0
0,0.0
0,0.0
120,117.00000000000001
0,0.0
0,0.0
0,0.0
0,0.0
0,0.0
0,0.0
0,0.0
0,0.0
0,0.0
0,0.0
0,0.0
0,0.0
0,0.0
0,0.0
0,0.0
0,0.0
0,0.0
0,0.0
0,0.0
0,0.0
0,0.0
0,0.0
0,0.0
0,0.0
0,0.0
0,0.0
0,0.0
0,0.0
0,0.0
0,0.0
0,0.0
0,0.0
0,0.0
0,0.0
0,0.0
0,0.0
0,0.0
0,0.0
0,0.0
0,0.0
0,0.0
0,0.0
0,0.0
0,0.0
0,0.0
0,0.0
0,0.0
0,0.0
0,0.0
0,0.0
0,0.0
0,0.0
0,0.0
0,0.0
0,0.0
0,0.0
0,0.0
0,0.0
0,0.0
0,0.0
0,0.0
0,0.0
0,0.0
0,0.0
0,0.0
0,0.0
0,0.0
0,0.0
0,0.0
0,0.0
0,0.0
0,0.0
0,0.0
0,0.0
0,0.0
0,0.0
0,0.0
0,0.0
0,0.0
0,0.0
0,0.0
0,0.0
0,0.0
0,0.0
0,0.0
0,0.0
0,0.0
0,0.0
0,0.0
0,0.0
0,0.0
0,0.0
0,0.0
0,0.0
0,0.0
0,0.0
0,0.0
0,0.0
0,0.0
0,0.0
0,0.0
0,0.0
0,0.0
0,0.0
0,0.0
0,0.0
0,0.0
0,0.0
0,0.0
0,0.0
0,0.0
0,0.0
0,0.0
0,0.0
0,0.0
0,0.0
0,0.0
0,0.0
0,0.0
0,0.0
0,0.0
0,0.0
0,0.0
0,0.0
0,0.0
0,0.0
0,0.0
0,0.0
0,0.0
0,0.0
0,0.0
0,0.0
0,0.0
0,0.0
0,0.0
0,0.0
0,0.0
0,0.0
0,0.0
0,0.0
0,0.0
0,0.0
0,0.0
0,0.0
0,0.0
0,0.0
0,0.0
0,0.0
0,0.0
0,0.0
0,0.0
0,0.0
0,0.0
0,0.0
0,0.0
0,0.0
0,0.0
0,0.0
0,0.0
0,0.0
0,0.0
0,0.0
0,0.0
0,0.0
0,0.0
0,0.0
0,0.0
0,0.0
0,0.0
0,0.0
0,0.0
0,0.0
0,0.0
0,0.0
121,112.0833333
122,208.0
123,210.0
124,59.74999999999999
125,181.0
126,106.6666667
127,66.25
128,64.5
129,54.5
130,113.0
131,442.6666667
132,144.5
133,174.0
134,152.0
135,54.50000000000001
136,45.0
137,29.0
138,96.15789474000002
139,53.5
140,61.0
141,8.25
142,105.5
143,164.99999999999997
144,108.0
145,37.125
146,127.0
147,54.5
148,64.0
149,40.0
150,56.89999999999999
151,102.25000000000001
152,34.0
153,30.000000000000004
154,41.00000000000001
155,36.99999999999999
156,36.0
157,78.71428571
158,100.3333333
159,96.0
160,89.0
161,46.375
162,31.75
163,9.333333333
164,49.0
165,10.42857143
166,43.0
167,19.42857143
168,24.71428571
169,141.0
170,139.0
171,72.35714286
172,40.5
173,55.333333329999995
174,71.0
175,39.0
176,54.0
177,56.33333333
178,62.50000000000001
179,164.99999999999997
180,183.0
181,189.5
182,128.0
183,73.00000000000001
184,307.0
185,71.0
186,25.0
187,60.99999999999999
188,58.0
189,20.0
190,18.0
191,157.75
192,159.0
193,82.0
194,153.00000000000003
195,36.0
196,85.5
197,89.74999999999999
198,53.0
199,48.0
200,48.0
201,15.33333333
202,26.33333333
203,27.0
204,15.66666667
205,56.19354839
206,86.125
207,114.33333330000002
208,132.5555556
209,112.5
210,101.3
211,74.0
212,4.733333333
213,72.71428571
214,63.59090908999999
215,12.46875
216,133.00000000000003
217,6.3793103449999995
218,86.54545455
219,68.89655172
220,76.0
221,74.72727273
222,46.99999999999999
223,97.14285714
224,19.0
225,43.25
226,56.25
227,61.64912281
228,56.26086957
229,93.66666667
230,60.0
231,16.90909091
232,64.69565217
233,15.0
234,38.44444444
235,118.25
236,23.0
237,144.5
238,22.0
239,38.8
240,60.5
241,108.36363640000002
242,93.12500000000001
0,0.0
0,102.0
0,113.0
3,232.5
4,46.08333333
0,91.0
6,69.0
7,210.5
8,89.5
9,21.0
10,21.0
0,21.0
12,19.0
0,27.000000000000004
14,27.0
15,229.2
0,54.5
0,163.0
18,123.09090909999999
0,180.6666667
0,0.0
0,53.0
22,31.230769229999996
23,128.2
0,62.88461538
25,2.0
0,64.875
27,34.0
0,121.5
29,53.0
30,27.66666667
31,39.85714286
0,96.0
0,44.0
34,24.999999999999996
0,379.0
0,126.0
0,168.0
0,50.0
0,107.0
0,43.748251749999994
41,46.28571429000001
42,32.0
43,45.33333333000001
0,77.0
45,109.8571429
46,103.6666667
47,38.66666667
0,72.0
49,61.5
50,52.7
0,30.999999999999996
52,132.00000000000003
53,38.0
54,8.0
0,11.18181818
0,0.0
0,118.4666667
58,22.000000000000004
59,39.0
0,273.3333333
61,37.99999999999999
0,13.66666667
0,215.0
0,216.0
0,113.0
66,29.0
0,272.0
68,23.0
69,220.0
0,448.0
0,594.9999999999999
0,604.0
0,350.0
0,27.0
75,19.0
0,16.75
0,42.00000000000001
78,239.99999999999997
0,181.8
0,85.5
81,139.0
0,174.0
0,348.00000000000006
84,34.875
0,40.5
86,84.66666667
0,207.66666670000004
0,52.16666667
89,56.800000000000004
90,0.0
0,3.0
92,12.0
0,108.66666669999998
0,67.71428571
95,30.428571430000005
96,6.75
0,62.99999999999999
98,139.0
0,0.0
100,0.0
101,17.0
102,28.5
0,0.0
104,106.99999999999999
0,30.0
0,36.0
107,122.00000000000001
0,26.0
0,0.0
110,25.0
0,19.18181818
0,7.0
113,29.599999999999998
0,11.000000000000002
0,13.0
0,6.999999999999999
117,58.5
0,83.0
0,44.0
120,96.0
0,26.999999999999996
122,66.33333333
0,65.19999999999999
0,0.0
125,59.0
126,220.25
0,25.13333333
0,18.75
0,31.166666670000005
0,36.16666667
0,286.3333333
0,313.0
0,339.00000000000006
0,235.50000000000003
134,0.0
0,82.66666667
136,178.5
137,128.0
138,150.0
0,133.0
0,235.0
141,0.0
0,0.0
0,5.857142857
144,8.0
145,10.875
0,2.0
0,22.66666667
148,27.6
0,18.0
0,24.0
0,74.66666667
0,42.5
153,59.77777778
154,51.0
155,27.714285710000002
156,42.84615385
0,62.00000000000001
0,27.2
0,31.249999999999996
0,46.6
0,26.81818182
0,44.0
0,11.666666669999998
164,36.0
0,27.5
0,38.33333333000001
167,42.5
0,7.0
0,126.60000000000001
0,12.0
0,0.0
172,111.0
0,90.0
174,74.0
0,0.0
0,97.0
0,0.0
0,0.0
179,12.999999999999998
0,0.0
0,0.0
0,0.0
0,0.0
0,0.0
0,0.0
0,0.0
187,59.5
188,0.0
189,0.0
0,77.0
0,0.0
0,67.0
0,0.0
0,177.00000000000003
0,0.0
0,50.166666670000005
0,0.0
198,30.0
199,84.0
0,0.0
0,0.0
0,0.0
203,0.0
0,0.0
0,0.0
0,0.0
0,0.0
0,0.0
0,54.0
0,52.0
0,56.00000000000001
0,0.0
0,0.0
0,9.0
0,39.0
0,9.0
217,43.47368421000001
218,12.0
0,12.0
0,0.0
0,10.0
0,0.0
0,9.0
0,0.0
225,61.49999999999999
0,0.0
0,11.999999999999998
228,12.0
229,0.0
0,0.0
231,119.0
0,46.53333333
0,0.0
0,11.0
0,45.0
0,0.0
0,37.0
0,0.0
0,34.0
0,38.99999999999999
0,86.2
0,0.0
0,27.18181818
0,24.5
0,11.0
0,11.0
0,70.96551724
0,0.0
0,38.0
0,39.0
0,11.0
0,60.49999999999999
0,83.0
0,95.0
0,93.99999999999999
0,8.166666667
0,12.0
0,92.5
0,135.5
0,148.0
0,148.0
0,205.0
263,121.75000000000001
0,0.0
0,0.0
0,104.00000000000001
0,70.5
0,72.0
269,0.0
0,32.0
0,20.0
0,30.0
0,27.18181818
0,28.555555560000002
0,45.66666667
0,40.49999999999999
277,45.625
0,168.8
0,0.0
0,44.0
0,16.999999999999996
0,17.0
0,13.75
284,51.0
0,32.5
0,32.0
0,15.333333329999999
0,9.4
0,17.75
0,0.0
0,88.99999999999999
0,88.0
0,110.6666667
0,0.0
0,20.0
0,23.999999999999996
0,24.999999999999996
0,21.000000000000004
299,43.00000000000001
0,15.0
301,162.0
0,70.49999999999999
0,34.0
0,31.44444444
0,100.33333329999999
0,24.0
0,6.000000000000001
0,190.24999999999997
0,0.0
0,195.00000000000003
0,48.99999999999999
0,40.5
0,23.0
0,97.33333333
0,152.0
0,130.0
0,107.00000000000001
0,16.0
0,6.999999999999999
0,68.0
0,34.66666667
0,198.5
0,35.0
0,38.0
0,50.0
0,56.99999999999999
0,29.0
327,130.7142857
0,26.999999999999996
329,204.0
0,0.0
0,305.5714286
332,39.0
333,63.0
0,162.00000000000003
335,160.0
0,90.75
336,0.0
0,106.99999999999999
0,979.9999999999999
0,180.5
0,75.25
0,48.99999999999999
0,180.99999999999997
0,18.66666667
0,34.0
0,134.0
0,110.99999999999999
347,69.0
348,50.0
0,153.0
0,103.00000000000001
0,146.0
0,48.99999999999999
0,81.35
0,278.0
0,144.0
0,75.0
0,29.999999999999996
0,178.25
0,80.99999999999999
0,152.00000000000003
0,236.00000000000003
0,108.0
0,27.4
0,73.0
0,49.0
0,104.0
0,64.5
0,6.0
0,7.0
370,29.0
0,119.99999999999999
0,17.0
0,29.0
0,43.0
0,20.3
0,8.0
0,9.0
0,19.66666667
0,15.5
0,9.0
0,56.57142857000001
0,8.25
0,0.0
0,0.0
382,0.0
0,0.0
0,0.0
0,0.0
0,0.0
0,0.0
0,0.0
0,0.0
0,0.0
0,0.0
0,0.0
0,0.0
0,0.0
0,0.0
0,0.0
382,0.0
0,0.0
0,0.0
0,0.0
0,0.0
0,0.0
0,0.0
0,0.0
0,0.0
0,0.0
0,0.0
0,0.0
0,0.0
0,0.0
0,0.0
0,0.0
0,0.0
0,0.0
0,0.0
0,0.0
0,0.0
0,0.0
0,0.0
0,0.0
0,0.0
0,0.0
0,0.0
0,0.0
0,0.0
0,0.0
0,0.0
0,0.0
0,0.0
0,0.0
0,0.0
0,0.0
0,0.0
0,0.0
0,0.0
0,0.0
0,0.0
0,0.0
0,0.0
0,0.0
0,25.14285714
0,0.0
0,0.0
0,0.0
0,0.0
0,0.0
0,0.0
0,0.0
0,0.0
0,0.0
0,0.0
383,0.0
0,0.0
383,0.0
0,0.0
0,0.0
0,0.0
0,0.0
0,0.0
0,0.0
0,0.0
0,0.0
0,0.0
0,0.0
0,0.0
0,0.0
0,0.0
0,0.0
0,0.0
0,0.0
0,0.0
0,0.0
0,0.0
0,0.0
0,0.0
0,0.0
0,0.0
0,0.0
0,0.0
0,0.0
0,0.0
0,0.0
0,0.0
0,0.0
0,0.0
0,0.0
0,0.0
0,0.0
0,0.0
0,0.0
0,0.0
0,0.0
0,0.0
0,0.0
0,0.0
0,0.0
0,0.0
0,0.0
0,0.0
0,0.0
0,0.0
0,0.0
0,0.0
0,0.0
0,0.0
0,0.0
0,0.0
0,0.0
0,0.0
0,0.0
0,0.0
0,0.0
0,0.0
0,0.0
0,0.0
0,0.0
0,0.0
383,0.0
0,0.0
0,0.0
0,0.0
0,0.0
0,0.0
0,0.0
0,0.0
0,0.0
0,0.0
0,0.0
0,0.0
0,0.0
383,0.0
0,0.0
383,0.0
0,0.0
0,0.0
0,0.0
0,0.0
383,0.0
0,0.0
0,0.0
0,0.0
0,0.0
0,0.0
0,0.0
0,0.0
0,0.0
0,0.0
0,0.0
0,0.0
383,0.0
0,0.0
0,0.0
0,0.0
0,0.0
0,0.0
0,0.0
0,0.0
383,0.0
0,0.0
0,0.0
0,0.0
0,0.0
0,0.0
0,0.0
0,0.0
0,0.0
0,0.0
0,0.0
0,0.0
0,0.0
0,0.0
0,0.0
0,0.0
0,0.0
0,0.0
0,0.0
383,0.0
0,0.0
0,0.0
0,0.0
0,0.0
0,0.0
0,0.0
0,0.0
0,0.0
0,0.0
0,0.0
0,0.0
0,0.0
0,0.0
0,0.0
0,0.0
0,0.0
0,0.0
0,0.0
0,0.0
0,0.0
0,0.0
0,0.0
0,0.0
0,0.0
383,0.0
0,0.0
0,0.0
0,0.0
0,0.0
0,0.0
0,0.0
0,0.0
0,0.0
0,0.0
0,0.0
0,0.0
0,0.0
0,0.0
0,0.0
0,0.0
0,0.0
0,0.0
0,0.0
0,0.0
0,0.0
0,0.0
0,0.0
0,0.0
0,0.0
0,0.0
383,0.0
0,0.0
0,0.0
0,0.0
0,0.0
0,0.0
0,0.0
0,0.0
0,0.0
0,0.0
0,0.0
0,0.0
0,0.0
0,0.0
0,0.0
0,0.0
0,0.0
0,0.0
383,0.0
0,0.0
0,0.0
0,0.0
0,0.0
0,0.0
0,0.0
0,0.0
0,0.0
0,0.0
0,0.0
0,0.0
0,0.0
0,0.0
0,0.0
0,0.0
0,0.0
0,0.0
0,0.0
0,0.0
0,0.0
0,0.0
0,0.0
0,0.0
0,0.0
0,0.0
383,0.0
0,0.0
0,0.0
0,0.0
0,0.0
0,0.0
0,0.0
0,0.0
0,0.0
0,0.0
383,0.0
0,0.0
0,0.0
0,0.0
0,0.0
0,0.0
0,0.0
0,0.0
0,0.0
0,0.0
0,0.0
0,0.0
0,0.0
0,0.0
383,0.0
0,0.0
0,0.0
0,0.0
0,0.0
0,0.0
0,0.0
0,0.0
0,0.0
0,0.0
0,0.0
0,0.0
0,0.0
0,0.0
0,0.0
0,0.0
0,0.0
0,0.0
0,0.0
0,0.0
0,0.0
0,0.0
0,0.0
0,0.0
0,0.0
0,0.0
0,0.0
0,0.0
0,0.0
0,0.0
0,0.0
0,0.0
0,0.0
0,0.0
0,0.0
0,0.0
0,0.0
0,0.0
0,0.0
0,0.0
0,0.0
0,0.0
0,0.0
0,0.0
0,0.0
0,0.0
0,0.0
0,0.0
0,0.0
0,0.0
0,0.0
0,0.0
0,0.0
0,0.0
0,0.0
0,0.0
0,0.0
0,0.0
0,0.0
0,0.0
0,0.0
0,0.0
0,0.0
0,0.0
0,0.0
0,0.0
0,0.0
0,0.0
0,0.0
0,0.0
0,0.0
0,0.0
0,0.0
0,0.0
0,0.0
0,0.0
0,0.0
0,0.0
0,0.0
0,0.0
0,0.0
0,0.0
0,0.0
0,0.0
0,0.0
0,0.0
0,0.0
0,0.0
0,0.0
0,0.0
0,0.0
0,0.0
0,0.0
0,0.0
0,0.0
0,0.0
0,0.0
0,0.0
0,0.0
0,0.0
0,0.0
0,0.0
0,0.0
0,0.0
0,0.0
0,0.0
0,0.0
0,0.0
0,0.0
0,0.0
0,0.0
0,0.0
0,0.0
0,0.0
0,0.0
0,0.0
0,0.0
0,0.0
0,0.0
0,0.0
0,0.0
0,0.0
0,0.0
0,0.0
0,0.0
0,0.0
0,0.0
0,0.0
0,0.0
0,0.0
0,0.0
0,0.0
0,0.0
0,0.0
0,0.0
0,0.0
0,0.0
0,0.0
0,0.0
0,0.0
0,0.0
0,0.0
0,0.0
0,0.0
0,0.0
0,0.0
0,0.0
0,0.0
0,0.0
0,0.0
0,0.0
0,0.0
0,0.0
0,0.0
0,0.0
0,0.0
0,0.0
0,0.0
0,0.0
0,0.0
0,0.0
0,0.0
0,0.0
0,0.0
0,0.0
0,0.0
0,0.0
0,0.0
0,0.0
0,0.0
0,0.0
0,0.0
0,0.0
0,0.0
0,19.0
385,112.0833333
386,208.0
387,210.00000000000003
388,59.75
389,180.99999999999997
390,106.66666670000001
391,66.25
392,64.5
393,54.49999999999999
394,112.99999999999999
395,442.6666667
396,144.50000000000003
397,174.0
398,152.00000000000003
399,54.5
400,44.99999999999999
401,29.000000000000004
402,96.15789473999999
403,53.5
404,61.0
405,8.25
406,105.5
407,165.0
408,108.0
409,37.125
410,127.0
411,54.5
412,63.99999999999999
413,40.00000000000001
414,56.900000000000006
415,102.25
416,34.0
417,30.0
418,41.0
419,37.0
420,36.0
421,78.71428571
422,100.33333330000002
423,96.0
424,89.0
425,46.37499999999999
426,31.750000000000004
427,9.333333333
428,49.0
429,10.428571430000002
430,43.0
431,19.428571429999998
432,24.71428571
433,141.0
434,139.0
435,72.35714286
436,40.5
437,55.33333333000001
438,71.00000000000001
439,39.0
440,53.99999999999999
441,56.33333333
442,62.5
443,164.99999999999997
444,183.0
445,189.5
446,128.0
447,73.0
448,307.0
448,0.0
449,25.0
450,61.00000000000001
451,58.0
452,20.0
453,17.999999999999996
454,157.75
455,159.0
456,82.0
457,153.0
458,36.0
459,85.5
460,89.75
461,53.0
462,48.0
463,48.0
464,15.333333330000002
465,26.333333330000002
466,27.0
467,15.66666667
468,56.193548390000004
469,86.12499999999999
470,114.33333330000002
471,132.5555556
472,112.49999999999999
473,101.30000000000001
474,74.0
475,4.733333333
476,72.71428571
477,63.590909090000004
478,12.46875
479,133.0
480,6.379310345
481,86.54545455
482,68.89655172
483,76.0
484,74.72727273
485,46.99999999999999
486,97.14285713999999
487,19.0
488,43.25000000000001
489,56.25
490,61.64912281000001
491,56.26086957
492,93.66666667
493,60.0
494,16.90909091
495,64.69565217
496,14.999999999999998
497,38.44444444
498,118.25
499,23.000000000000004
500,144.5
501,22.0
502,38.800000000000004
503,60.50000000000001
504,108.3636364
505,93.125
0,0.0
0,102.0
0,113.0
3,232.5
4,46.08333333
0,91.0
6,69.0
7,210.5
8,89.5
9,21.0
10,21.0
0,21.0
12,19.0
0,27.000000000000004
14,27.0
15,229.2
0,54.5
0,163.0
18,123.09090909999999
0,180.6666667
0,0.0
0,53.0
22,31.230769229999996
23,128.2
0,62.88461538
25,2.0
0,64.875
27,34.0
0,121.5
29,53.0
30,27.66666667
31,39.85714286
0,96.0
0,44.0
34,24.999999999999996
0,379.0
0,126.0
0,168.0
0,50.0
0,107.0
0,43.748251749999994
41,46.28571429000001
42,32.0
43,45.33333333000001
0,77.0
45,109.8571429
46,103.6666667
47,38.66666667
0,72.0
49,61.5
50,52.7
0,30.999999999999996
52,132.00000000000003
53,38.0
54,8.0
0,11.18181818
0,0.0
0,118.4666667
58,22.000000000000004
59,39.0
0,273.3333333
61,37.99999999999999
0,13.66666667
0,215.0
0,216.0
0,113.0
66,29.0
0,272.0
68,23.0
69,220.0
0,448.0
0,594.9999999999999
0,604.0
0,350.0
0,27.0
75,19.0
0,16.75
0,42.00000000000001
78,239.99999999999997
0,181.8
0,85.5
81,139.0
0,174.0
0,348.00000000000006
84,34.875
0,40.5
86,84.66666667
0,207.66666670000004
0,52.16666667
89,56.800000000000004
90,0.0
0,3.0
92,12.0
0,108.66666669999998
0,67.71428571
95,30.428571430000005
96,6.75
0,0.0
97,139.0
0,0.0
99,0.0
100,17.0
101,28.500000000000004
0,0.0
103,107.0
0,29.999999999999996
0,36.0
106,122.0
0,26.000000000000004
0,0.0
109,25.0
0,19.18181818
0,6.999999999999999
112,29.6
0,11.0
0,13.0
0,7.0
116,58.5
0,83.0
0,44.0
119,96.0
0,26.999999999999996
121,66.33333333
0,65.2
0,0.0
124,58.99999999999999
125,220.25
0,25.13333333
0,18.75
0,31.16666667
0,36.16666667
0,286.3333333
0,313.0
0,339.0
0,235.5
134,221.66666670000004
0,82.66666667
136,178.5
137,128.0
138,150.0
0,133.0
0,235.0
141,0.0
0,0.0
0,5.857142857
144,8.0
145,10.875
0,2.0
0,22.66666667
148,27.6
0,18.0
0,24.0
0,74.66666667
0,42.5
153,59.77777778
154,51.0
155,27.714285710000002
156,42.84615385
0,62.00000000000001
0,27.2
0,31.249999999999996
0,46.6
0,26.81818182
0,44.0
0,11.666666669999998
164,36.0
0,27.5
0,38.33333333000001
167,42.5
0,7.0
0,126.60000000000001
0,12.0
0,0.0
172,111.0
0,90.0
174,74.0
0,0.0
0,97.0
0,0.0
0,0.0
179,12.999999999999998
0,0.0
0,0.0
0,0.0
0,0.0
0,0.0
0,0.0
0,0.0
185,59.5
186,0.0
187,0.0
0,77.0
0,0.0
0,67.0
0,0.0
0,177.0
0,0.0
0,50.16666667
0,0.0
196,30.0
197,84.0
0,0.0
0,0.0
0,0.0
201,0.0
0,0.0
0,0.0
0,0.0
0,0.0
0,0.0
0,54.0
0,52.0
0,56.0
0,0.0
0,0.0
0,9.0
0,39.0
0,9.0
215,43.47368421
216,12.0
0,12.0
0,0.0
0,10.000000000000002
0,0.0
0,8.999999999999998
0,0.0
223,61.50000000000001
0,0.0
0,12.0
226,12.000000000000002
227,0.0
0,0.0
229,119.0
0,46.53333333
0,0.0
0,11.000000000000002
0,45.0
0,0.0
0,36.99999999999999
0,0.0
0,34.0
0,39.0
0,86.2
0,0.0
0,27.18181818
0,24.500000000000004
0,11.0
0,10.999999999999998
0,70.96551724000001
0,0.0
0,0.0
0,39.00000000000001
0,10.999999999999998
0,60.5
0,82.99999999999999
0,94.99999999999999
0,94.0
0,8.166666667
0,12.0
0,92.50000000000001
0,135.5
0,148.00000000000003
0,148.0
0,205.0
260,121.74999999999999
0,0.0
0,0.0
0,104.0
0,70.5
0,72.0
266,0.0
0,32.0
0,20.0
0,30.0
0,27.18181818
0,28.55555556
0,45.66666666999999
0,40.5
274,45.62499999999999
0,168.8
0,0.0
0,43.99999999999999
0,17.0
0,17.0
0,13.75
281,51.0
0,32.50000000000001
0,32.0
0,15.333333330000002
0,9.4
0,17.75
0,0.0
0,89.0
0,88.0
0,110.6666667
0,0.0
0,20.0
0,24.0
0,25.0
0,21.0
296,43.00000000000001
0,15.0
298,162.0
0,70.5
0,34.0
0,31.444444439999998
0,100.33333329999999
0,24.0
0,6.000000000000001
0,190.25
0,21.33333333
0,195.00000000000003
0,49.0
0,40.5
0,23.000000000000004
0,97.33333333
0,151.99999999999997
0,130.0
0,107.0
0,16.0
0,7.0
0,68.0
0,34.66666667
0,198.50000000000003
0,35.0
0,38.0
0,49.99999999999999
0,56.99999999999999
0,29.0
325,130.7142857
0,26.999999999999996
327,203.99999999999997
0,0.0
0,305.57142859999993
330,39.0
331,63.0
0,162.0
333,160.00000000000003
0,90.75
335,211.5
0,107.00000000000001
0,980.0
0,180.5
0,75.25000000000001
0,49.00000000000001
0,181.0
0,18.66666667
0,34.0
0,134.0
0,111.00000000000001
346,69.0
347,50.0
0,153.0
0,103.00000000000001
0,146.0
0,49.0
0,81.35
0,277.99999999999994
0,144.0
0,75.0
0,30.0
0,178.25
0,81.0
0,152.0
0,236.0
0,108.00000000000001
0,27.4
0,73.0
0,49.0
0,104.0
0,64.5
0,6.000000000000001
0,7.0
369,29.0
0,119.99999999999999
0,17.0
0,29.0
0,43.0
0,20.3
0,8.0
0,9.0
0,19.66666667
0,15.5
0,9.0
0,56.57142857000001
0,8.25
0,19.5
0,20.0
383,0.0
0,0.0
0,0.0
0,0.0
0,0.0
0,0.0
0,0.0
0,0.0
0,0.0
0,0.0
0,0.0
0,0.0
0,0.0
0,0.0
0,0.0
383,0.0
0,0.0
0,0.0
0,0.0
0,0.0
0,0.0
0,0.0
0,0.0
0,0.0
0,0.0
0,0.0
0,0.0
0,0.0
0,0.0
0,0.0
0,0.0
0,0.0
0,0.0
0,0.0
0,0.0
0,0.0
0,0.0
0,0.0
0,0.0
0,0.0
0,0.0
0,0.0
0,0.0
0,0.0
0,0.0
0,0.0
0,0.0
0,0.0
0,0.0
0,0.0
0,0.0
0,0.0
0,0.0
0,0.0
0,0.0
0,0.0
0,0.0
0,0.0
0,0.0
0,0.0
0,0.0
0,0.0
0,0.0
0,0.0
0,0.0
0,0.0
0,0.0
0,0.0
0,0.0
0,0.0
383,0.0
0,0.0
383,0.0
0,0.0
0,0.0
0,0.0
0,0.0
0,0.0
0,0.0
0,0.0
0,0.0
0,0.0
0,0.0
0,0.0
0,0.0
0,0.0
0,0.0
0,0.0
0,0.0
0,0.0
0,0.0
0,0.0
0,0.0
0,0.0
0,0.0
0,0.0
0,0.0
0,0.0
0,0.0
0,0.0
0,0.0
0,0.0
0,0.0
0,0.0
0,0.0
0,0.0
0,0.0
0,0.0
0,0.0
0,0.0
0,0.0
0,0.0
0,0.0
0,14.0
0,0.0
0,0.0
0,0.0
0,0.0
0,0.0
0,0.0
0,0.0
0,0.0
0,0.0
0,0.0
0,0.0
0,0.0
0,0.0
0,0.0
0,0.0
0,0.0
0,0.0
0,0.0
0,0.0
0,0.0
0,0.0
0,0.0
384,0.0
0,0.0
0,0.0
0,0.0
0,0.0
0,0.0
0,0.0
0,0.0
0,0.0
0,0.0
0,0.0
0,0.0
0,0.0
384,0.0
0,0.0
384,0.0
0,0.0
0,0.0
0,0.0
0,0.0
384,0.0
0,0.0
0,0.0
0,0.0
0,0.0
0,0.0
0,0.0
0,0.0
0,24.500000000000004
0,0.0
0,0.0
0,0.0
385,0.0
0,0.0
0,0.0
0,0.0
0,0.0
0,0.0
0,0.0
0,0.0
385,0.0
0,0.0
0,0.0
0,66.91666667
0,24.166666670000005
0,166.25
0,370.0
0,57.29906541999999
0,35.473684209999995
0,31.666666669999998
0,32.0
0,73.0
0,108.0
0,46.92592592999999
0,32.50000000000001
0,86.86666667
0,37.875
0,93.5
0,39.7
402,78.08333333
0,126.99999999999999
0,219.00000000000003
0,150.3333333
0,47.0
0,76.0
0,74.33333333
0,74.38888889
0,58.00000000000001
0,70.0
0,66.3
0,0.0
0,131.00000000000003
0,34.66666667
0,44.0
0,66.00000000000001
0,169.5
0,53.0
0,147.0
0,116.5
0,30.0
0,260.5
0,177.5714286
0,0.0
0,115.00000000000001
425,123.25000000000001
0,142.99999999999997
0,283.0
0,357.0
0,201.16666670000004
0,120.0
0,110.5
0,117.7142857
0,231.0
0,135.0
0,119.2
0,154.00000000000003
0,214.00000000000003
0,602.0
0,325.0
0,649.0
0,354.0
0,25.5
0,19.09090909
0,51.0
0,56.93023256
0,115.83333330000002
0,99.01265823
0,31.72
0,109.50666670000001
0,0.0
450,181.5
0,33.00000000000001
0,115.4482759
0,34.0
0,17.666666670000005
0,101.09302330000001
0,7.5
0,32.9
0,122.0
0,37.888888890000004
0,38.4
0,70.14285714
0,71.69230769
0,263.99999999999994
0,259.0
0,104.49999999999999
0,11.0
0,0.0
467,66.88888889
0,48.93333333
0,49.0
0,76.72727273
0,93.83333333000002
0,198.00000000000003
0,99.78465347
0,129.4361702
0,75.60000000000001
0,47.15384615
0,35.33333333
0,38.22222222
0,91.6
0,146.5
0,18.66666667
0,91.21428571
0,33.5
0,45.33333333
0,130.7916667
0,106.19999999999999
0,107.4
0,182.0
0,141.6
0,52.0
0,49.75
0,65.66666667
493,57.2
0,156.4
0,117.0
0,57.66666666999999
0,43.64179104
0,56.00000000000001
0,275.0
0,46.0
0,26.250000000000004
0,32.16666667
503,61.8
0,105.0833333
0,108.5
0,70.03846154
0,139.75
0,54.66666667
0,78.625
0,143.0
0,36.90909091
0,45.33333333
0,104.3092105
0,29.5
0,50.75000000000001
0,29.625
517,117.0
0,77.1
0,80.5
0,26.5
0,67.62463343
0,18.0
0,38.85714286
0,20.0
0,45.0
0,31.0
0,48.0
0,24.666666670000005
0,13.5
0,82.625
0,189.00000000000003
0,44.66666667
0,27.0
0,27.0
0,13.0
0,37.50000000000001
0,113.8
0,37.66666667
0,33.88888889
0,37.99999999999999
0,16.0
0,698.5
0,96.63636363999998
0,129.6666667
0,142.0
0,0.0
0,0.0
0,103.20000000000002
0,100.55555560000002
0,124.00000000000001
0,72.25
0,349.1666667
0,62.840909090000004
0,5.0
0,104.0
0,23.0
0,10.0
0,34.625
0,33.0
0,1003.0
0,78.0
0,69.4
0,20.499999999999996
0,42.4
0,65.0
0,25.400000000000002
0,19.0
0,144.33333329999996
0,45.4516129
0,135.1818182
0,25.88888889
0,25.999999999999996
0,29.636363639999995
0,211.8
0,28.0
0,33.0
0,130.7
0,20.0
0,37.53846154
0,55.33333333
0,46.4
0,82.00414937999999
0,46.0
0,176.2
0,141.96428569999998
0,322.0
0,0.0
0,367.0
0,197.8333333
0,98.00000000000001
0,14.999999999999998
0,80.33333333
0,121.99999999999999
0,119.0
0,111.8
0,6.666666667
0,42.74999999999999
0,157.0
0,61.0
0,69.0
0,82.66666667
0,145.6666667
0,178.4285714
0,188.6666667
0,61.20000000000001
0,68.16666667
0,80.0
0,92.50000000000001
0,53.333333329999995
0,28.25
0,59.00000000000001
0,110.62499999999999
0,23.44117647
0,151.7777778
0,53.99999999999999
0,33.33333333
0,81.0
0,38.0
0,16.0
0,79.11111111
0,149.6
0,64.51851852
0,26.66666667
0,61.15384615000001
0,217.0
0,142.0
0,123.0
0,41.0
0,159.5
0,199.00000000000003
0,193.49999999999997
0,9.25
0,35.64285714
0,37.82608696
0,205.0
0,188.99999999999997
0,250.0
0,80.85714286
0,108.0
0,21.81818182
0,121.00000000000001
0,0.0
0,43.03846154000001
0,44.0
0,21.0
0,42.934210529999994
0,36.5
0,61.0
0,73.9
0,41.50000000000001
0,89.0
0,272.0
0,133.4
0,127.0
0,281.0
0,19.0
0,65.55319149
0,30.66666667
0,18.75
0,64.0
0,29.6
0,99.0
0,127.0
0,185.5
0,121.5
0,106.25
0,56.0
0,53.5
0,188.0
0,115.5
0,29.999999999999996
0,81.75
0,63.00000000000001
0,93.2
0,152.0
0,180.0
0,0.0
0,44.0
0,17.0
0,47.0
0,57.5
0,24.0
0,16.0
0,205.99999999999997
0,67.33333333
0,87.25
0,65.50000000000001
0,208.0
0,157.0
0,115.6666667
0,19.0
687,112.08333329999999
688,208.00000000000003
689,210.00000000000003
690,59.75
691,180.99999999999997
692,106.6666667
693,66.25
694,64.5
695,54.5
696,113.0
697,442.6666667
698,144.49999999999997
699,173.99999999999997
700,152.0
701,54.49999999999999
702,45.00000000000001
703,29.0
704,96.15789474
705,53.5
706,61.0
707,8.249999999999998
708,105.5
709,165.0
710,108.0
711,37.125
712,127.00000000000001
713,54.5
714,64.0
715,40.0
716,56.89999999999999
717,102.25
718,34.0
719,30.0
720,41.0
721,37.0
722,36.0
723,78.71428571
724,100.3333333
725,96.0
726,89.0
727,46.375
728,31.750000000000004
729,9.333333333
730,49.0
731,10.42857143
732,43.0
733,19.42857143
734,24.71428571
735,141.00000000000003
736,139.0
737,72.35714286
738,40.5
739,55.33333333000001
740,71.0
741,39.0
742,54.00000000000001
743,56.333333329999995
744,62.49999999999999
745,165.0
746,183.00000000000003
747,189.5
748,127.99999999999999
749,73.0
750,307.0
751,71.0
752,25.0
753,61.00000000000001
754,58.0
755,20.0
756,18.0
757,157.75
758,159.0
759,82.0
760,153.0
761,36.0
762,85.5
763,89.75
764,53.0
765,48.0
766,47.99999999999999
767,15.333333330000002
768,26.333333330000002
769,27.0
770,15.66666667
771,56.19354839
772,86.125
772,0.0
773,132.5555556
774,112.5
775,101.29999999999998
776,74.0
777,4.733333333
778,72.71428571
779,63.59090909
780,12.468750000000002
781,133.0
782,6.379310345000001
783,86.54545455000002
784,68.89655172
785,76.0
786,74.72727273
787,47.0
788,97.14285714000002
789,19.0
790,43.24999999999999
791,56.25
792,61.64912281
793,56.26086957
794,93.66666667
795,60.0
796,16.90909091
797,64.69565217
798,15.0
799,38.44444444
800,118.24999999999999
801,22.999999999999996
802,144.50000000000003
803,22.0
804,38.800000000000004
805,60.5
806,108.3636364
807,93.12499999999999
0,0.0
0,102.0
0,113.0
3,232.5
4,46.08333333
0,91.0
6,69.0
7,210.5
8,89.5
9,21.0
10,21.0
0,21.0
12,19.0
0,27.000000000000004
14,27.0
15,229.2
0,54.5
0,163.0
18,123.09090909999999
0,180.6666667
0,0.0
0,53.0
22,31.230769229999996
23,128.2
0,62.88461538
25,2.0
0,64.875
27,34.0
0,121.5
29,53.0
30,27.66666667
31,39.85714286
0,96.0
0,44.0
34,24.999999999999996
0,379.0
0,126.0
0,168.0
0,50.0
0,107.0
0,43.748251749999994
41,46.28571429000001
42,32.0
43,45.33333333000001
0,77.0
45,109.8571429
46,103.6666667
47,38.66666667
0,72.0
49,61.5
50,52.7
0,30.999999999999996
52,132.00000000000003
53,38.0
54,8.0
0,11.18181818
0,0.0
0,118.4666667
58,22.000000000000004
59,39.0
0,273.3333333
61,37.99999999999999
0,13.66666667
0,215.0
0,216.0
0,113.0
66,29.0
0,272.0
68,23.0
69,220.0
0,448.0
0,594.9999999999999
0,604.0
0,350.0
0,27.0
75,19.0
0,16.75
0,42.00000000000001
78,239.99999999999997
0,181.8
0,85.5
81,139.0
0,174.0
0,348.00000000000006
84,34.875
0,40.5
86,84.66666667
0,207.66666670000004
0,52.16666667
89,56.800000000000004
90,0.0
0,3.0
92,12.0
0,108.66666669999998
0,67.71428571
95,30.428571430000005
96,6.75
0,62.99999999999999
98,139.0
0,0.0
100,0.0
100,0.0
101,28.500000000000004
0,0.0
103,107.0
0,29.999999999999996
0,36.0
106,122.0
0,26.000000000000004
0,0.0
109,25.0
0,19.18181818
0,6.999999999999999
112,29.6
0,11.0
0,13.0
0,7.0
116,58.5
0,83.0
0,44.0
119,96.0
0,26.999999999999996
121,66.33333333
0,65.2
0,0.0
124,58.99999999999999
125,220.25
0,25.13333333
0,18.75
0,31.16666667
0,36.16666667
0,286.3333333
0,313.0
0,339.0
0,235.5
134,221.66666670000004
0,82.66666667
136,178.5
137,128.0
138,150.0
0,133.0
0,235.0
141,0.0
0,0.0
0,5.857142857
144,8.0
145,10.875
0,2.0
0,22.66666667
148,27.6
0,18.0
0,24.0
0,74.66666667
0,42.5
153,59.77777778
154,51.0
155,27.714285710000002
156,42.84615385
0,62.00000000000001
0,27.2
0,31.249999999999996
0,46.6
0,26.81818182
0,44.0
0,11.666666669999998
164,36.0
0,27.5
0,38.33333333000001
167,42.5
0,7.0
0,126.60000000000001
0,12.0
0,0.0
172,111.0
0,90.0
174,74.0
0,0.0
0,97.0
0,0.0
0,0.0
179,12.999999999999998
0,0.0
0,0.0
0,0.0
0,0.0
0,0.0
0,0.0
0,0.0
187,59.5
188,0.0
189,0.0
0,77.0
0,0.0
0,67.0
0,0.0
0,177.00000000000003
0,0.0
0,50.166666670000005
0,0.0
198,30.0
199,84.0
0,0.0
0,0.0
0,0.0
203,0.0
0,0.0
0,0.0
0,0.0
0,0.0
0,0.0
0,54.0
0,52.0
0,56.00000000000001
0,0.0
0,0.0
0,9.0
0,39.0
0,9.0
217,43.47368421000001
218,12.0
0,12.0
0,0.0
0,10.0
0,0.0
0,9.0
0,0.0
225,61.49999999999999
0,0.0
0,11.999999999999998
228,12.0
229,0.0
0,0.0
231,119.0
0,46.53333333
0,0.0
0,11.0
0,45.0
0,0.0
0,37.0
0,0.0
0,34.0
0,38.99999999999999
0,86.2
0,0.0
0,27.18181818
0,24.5
0,11.0
0,11.0
0,0.0
0,0.0
0,38.0
0,38.99999999999999
0,11.000000000000002
0,60.5
0,83.0
0,95.0
0,94.0
0,8.166666667
0,12.0
0,92.5
0,135.5
0,148.0
0,148.0
0,205.0
262,121.75
0,0.0
0,0.0
0,104.0
0,70.5
0,72.0
268,0.0
0,32.0
0,20.0
0,30.0
0,27.18181818
0,28.555555559999995
0,45.66666667
0,40.5
276,45.625
0,168.8
0,0.0
0,44.0
0,17.0
0,16.999999999999996
0,13.75
283,51.0
0,32.50000000000001
0,32.0
0,15.333333329999999
0,9.399999999999999
0,17.75
0,0.0
0,89.0
0,88.00000000000001
0,110.6666667
0,0.0
0,20.000000000000004
0,24.000000000000004
0,25.0
0,21.0
298,43.00000000000001
0,15.0
300,162.0
0,70.5
0,34.0
0,31.444444440000005
0,100.33333330000002
0,23.999999999999996
0,6.0
0,190.24999999999997
0,21.333333330000002
0,195.00000000000003
0,48.99999999999999
0,40.5
0,23.0
0,97.33333333
0,152.0
0,130.0
0,107.00000000000001
0,16.0
0,6.999999999999999
0,68.0
0,34.66666667
0,198.5
0,35.0
0,38.0
0,50.0
0,56.99999999999999
0,29.0
327,130.7142857
0,26.999999999999996
329,204.0
0,0.0
0,305.5714286
332,39.0
333,63.0
0,162.00000000000003
335,160.0
0,90.75
337,211.5
0,107.0
0,980.0000000000001
0,180.5
0,75.25
0,49.0
0,181.00000000000003
0,18.66666667
0,34.0
0,134.0
0,111.0
348,69.0
349,50.0
0,153.0
0,103.00000000000001
0,146.0
0,49.0
0,81.35
0,278.0
0,144.0
0,75.0
0,29.999999999999996
0,178.25000000000003
0,80.99999999999999
0,152.0
0,236.0
0,108.0
0,27.4
0,73.0
0,49.00000000000001
0,104.00000000000001
0,64.5
0,6.000000000000001
0,7.0
371,29.0
0,120.0
0,17.0
0,29.0
0,43.0
0,20.3
0,8.0
0,9.0
0,19.66666667
0,15.5
0,9.0
0,56.57142857
0,8.25
0,19.5
0,20.0
386,26.88888889
0,0.0
0,0.0
0,0.0
0,0.0
0,0.0
0,0.0
0,0.0
0,0.0
0,0.0
0,5.0
0,0.0
0,0.0
0,0.0
0,0.0
387,0.0
0,0.0
0,0.0
0,0.0
0,0.0
0,0.0
0,0.0
0,0.0
0,0.0
0,0.0
0,0.0
0,0.0
0,0.0
0,0.0
0,0.0
0,0.0
0,0.0
0,0.0
0,0.0
0,0.0
0,0.0
0,0.0
0,0.0
0,0.0
0,0.0
0,0.0
0,0.0
0,0.0
0,0.0
0,0.0
0,0.0
0,0.0
0,0.0
0,0.0
0,0.0
0,0.0
0,0.0
0,0.0
0,0.0
0,0.0
0,0.0
0,0.0
0,0.0
0,0.0
0,0.0
0,0.0
0,0.0
0,0.0
0,0.0
0,0.0
0,0.0
0,0.0
0,0.0
0,0.0
0,0.0
387,0.0
0,0.0
387,0.0
0,0.0
0,0.0
0,0.0
0,0.0
0,0.0
0,0.0
0,0.0
0,0.0
0,0.0
0,0.0
0,0.0
0,0.0
0,0.0
0,0.0
0,0.0
0,0.0
0,0.0
0,0.0
0,0.0
0,0.0
0,0.0
0,0.0
0,0.0
0,0.0
0,0.0
0,0.0
0,0.0
0,0.0
0,0.0
0,0.0
0,0.0
0,0.0
0,0.0
0,0.0
0,0.0
0,0.0
0,0.0
0,0.0
0,0.0
0,0.0
0,0.0
0,0.0
0,0.0
0,0.0
0,0.0
0,0.0
0,0.0
0,0.0
0,0.0
0,0.0
0,0.0
0,0.0
0,0.0
0,0.0
0,0.0
0,0.0
0,0.0
0,0.0
0,0.0
0,0.0
0,0.0
0,0.0
0,0.0
387,0.0
0,0.0
0,0.0
0,0.0
0,0.0
0,0.0
0,0.0
0,0.0
0,0.0
0,0.0
0,0.0
0,0.0
0,0.0
387,0.0
0,0.0
387,0.0
0,0.0
0,0.0
0,0.0
0,0.0
387,0.0
0,0.0
0,0.0
0,0.0
0,0.0
0,0.0
0,0.0
0,0.0
0,0.0
0,0.0
0,0.0
0,0.0
387,0.0
0,0.0
0,0.0
0,0.0
0,0.0
0,0.0
0,0.0
0,0.0
387,0.0
0,0.0
0,0.0
0,0.0
0,0.0
0,0.0
0,0.0
0,0.0
0,0.0
0,0.0
0,0.0
0,0.0
0,0.0
0,0.0
0,0.0
0,0.0
0,0.0
0,0.0
0,0.0
387,0.0
0,0.0
0,0.0
0,0.0
0,0.0
0,0.0
0,0.0
0,0.0
0,0.0
0,0.0
0,0.0
0,92.0
0,0.0
0,0.0
0,0.0
0,0.0
0,0.0
0,0.0
0,0.0
0,0.0
0,0.0
0,0.0
0,0.0
0,0.0
0,0.0
388,0.0
0,0.0
0,0.0
0,0.0
0,0.0
0,0.0
0,0.0
0,0.0
0,0.0
0,0.0
0,0.0
0,0.0
0,0.0
0,0.0
0,0.0
0,0.0
0,0.0
0,0.0
0,0.0
0,0.0
0,0.0
0,0.0
0,0.0
0,0.0
0,0.0
0,0.0
388,0.0
0,0.0
0,0.0
0,0.0
0,0.0
0,0.0
0,0.0
0,0.0
0,0.0
0,0.0
0,0.0
0,0.0
0,0.0
0,264.0
0,0.0
0,0.0
0,0.0
0,0.0
389,0.0
0,0.0
0,0.0
0,0.0
0,0.0
0,0.0
0,0.0
0,0.0
0,0.0
0,0.0
0,0.0
0,0.0
0,0.0
0,0.0
0,0.0
0,0.0
0,0.0
0,0.0
0,0.0
0,0.0
0,0.0
0,0.0
0,0.0
0,0.0
0,0.0
0,0.0
389,0.0
0,0.0
0,0.0
0,0.0
0,0.0
0,0.0
0,0.0
0,0.0
0,0.0
0,0.0
389,0.0
0,0.0
0,0.0
0,0.0
0,0.0
0,0.0
0,0.0
0,0.0
0,0.0
0,0.0
0,0.0
0,0.0
0,0.0
0,0.0
389,0.0
0,0.0
0,0.0
0,0.0
0,0.0
0,0.0
0,0.0
0,0.0
0,0.0
0,0.0
0,0.0
0,0.0
0,0.0
0,0.0
0,0.0
0,0.0
0,0.0
0,0.0
0,0.0
0,0.0
0,0.0
0,0.0
0,0.0
0,0.0
0,0.0
0,0.0
0,0.0
0,0.0
0,0.0
0,0.0
0,0.0
0,0.0
0,0.0
0,0.0
0,0.0
0,0.0
0,0.0
0,0.0
0,0.0
0,0.0
0,0.0
0,0.0
0,0.0
0,0.0
0,0.0
0,0.0
0,0.0
0,0.0
0,0.0
0,0.0
0,0.0
0,0.0
0,0.0
0,0.0
0,0.0
0,0.0
0,0.0
0,0.0
0,0.0
0,0.0
0,0.0
0,0.0
0,0.0
0,0.0
0,0.0
0,0.0
0,0.0
0,0.0
0,0.0
0,0.0
0,0.0
0,0.0
0,0.0
0,0.0
0,0.0
0,0.0
0,0.0
0,0.0
0,0.0
0,0.0
0,0.0
0,0.0
0,0.0
0,0.0
0,0.0
0,0.0
0,0.0
0,0.0
0,0.0
0,0.0
0,0.0
0,0.0
0,0.0
0,0.0
0,0.0
0,0.0
0,0.0
0,0.0
0,0.0
0,0.0
0,0.0
0,0.0
0,0.0
0,0.0
0,0.0
0,0.0
0,0.0
0,0.0
0,0.0
0,0.0
0,0.0
0,0.0
0,0.0
0,0.0
0,0.0
0,0.0
0,0.0
0,0.0
0,0.0
0,0.0
0,0.0
0,0.0
0,0.0
0,0.0
0,0.0
0,0.0
0,0.0
0,0.0
0,0.0
0,0.0
0,0.0
0,0.0
0,0.0
0,0.0
0,0.0
0,0.0
0,0.0
0,0.0
0,0.0
0,0.0
0,0.0
0,0.0
0,0.0
0,0.0
0,0.0
0,0.0
0,0.0
0,0.0
0,0.0
0,0.0
0,0.0
0,0.0
0,0.0
0,0.0
0,0.0
0,0.0
0,0.0
0,0.0
0,0.0
0,0.0
0,0.0
0,0.0
0,0.0
0,0.0
0,0.0
0,0.0
0,0.0
0,0.0
0,0.0
0,0.0
0,0.0
0,0.0
0,0.0
0,0.0
0,0.0
390,112.08333329999999
391,208.00000000000003
392,210.0
393,59.74999999999999
394,181.0
395,106.66666669999998
396,66.25
397,64.49999999999999
398,54.50000000000001
399,113.0
400,442.6666667
401,144.50000000000003
402,174.0
403,152.0
404,54.5
405,45.0
406,29.0
407,96.15789474
408,53.5
409,61.0
410,8.25
411,105.50000000000001
412,165.0
413,108.0
414,37.125
415,127.0
416,54.5
417,63.99999999999999
418,40.0
419,56.9
420,102.25
421,33.99999999999999
422,30.0
423,41.0
424,37.0
425,36.0
426,78.71428571
427,100.33333329999999
428,96.00000000000001
429,89.00000000000001
430,46.375
431,31.749999999999996
432,9.333333333
433,49.0
434,10.42857143
435,43.0
436,19.42857143
437,24.71428571
438,141.0
439,139.0
440,72.35714286
441,40.49999999999999
442,55.33333333
443,71.0
444,38.99999999999999
445,54.0
446,56.33333333
447,62.5
448,165.0
449,183.00000000000003
450,189.5
451,128.0
452,73.0
453,307.0
454,71.0
455,25.0
456,61.0
457,58.0
458,20.000000000000004
459,18.0
460,157.75
461,159.0
462,82.0
463,153.0
464,36.0
465,85.5
466,89.75
467,53.00000000000001
468,48.0
469,48.0
470,15.33333333
471,26.333333330000002
472,27.0
473,15.666666670000001
474,56.19354839
475,86.125
476,114.33333330000002
477,132.5555556
478,112.50000000000001
479,101.3
480,73.99999999999999
481,4.733333333000001
482,72.71428571
483,63.59090909
484,12.468750000000002
485,133.0
486,6.379310345
487,86.54545455
488,68.89655172000002
489,76.0
490,74.72727273
491,47.0
492,97.14285714000002
493,19.0
494,43.25000000000001
495,56.25
496,61.64912281
497,56.260869570000004
498,93.66666667
499,60.00000000000001
500,16.90909091
501,64.69565217
502,14.999999999999998
503,38.44444444
504,118.24999999999999
505,23.0
506,144.5
507,22.0
508,38.8
509,60.5
510,108.3636364
511,93.125
0,0.0
0,102.0
0,113.0
3,232.5
4,46.08333333
0,91.0
6,69.0
7,210.5
8,89.5
9,21.0
10,21.0
0,21.0
12,19.0
0,27.000000000000004
14,27.0
15,229.2
0,54.5
0,163.0
18,123.09090909999999
0,180.6666667
0,0.0
0,53.0
22,31.230769229999996
23,128.2
0,62.88461538
25,2.0
0,64.875
27,34.0
0,121.5
29,53.0
30,27.66666667
31,39.85714286
0,96.0
0,44.0
34,24.999999999999996
0,379.0
0,126.0
0,168.0
0,50.0
0,107.0
0,43.748251749999994
41,46.28571429000001
42,32.0
43,45.33333333000001
0,77.0
45,109.8571429
46,103.6666667
47,38.66666667
0,72.0
49,61.5
50,52.7
0,30.999999999999996
52,132.00000000000003
53,38.0
54,8.0
0,11.18181818
0,0.0
0,118.4666667
58,22.000000000000004
59,39.0
0,273.3333333
61,37.99999999999999
0,13.66666667
0,215.0
0,216.0
0,113.0
66,29.0
0,272.0
68,23.0
69,220.0
0,448.0
0,594.9999999999999
0,604.0
0,350.0
0,27.0
75,19.0
0,16.75
0,42.00000000000001
78,239.99999999999997
0,181.8
0,85.5
81,139.0
0,174.0
0,348.00000000000006
84,34.875
0,40.5
86,84.66666667
0,207.66666670000004
0,52.16666667
89,56.800000000000004
90,0.0
0,3.0
92,12.0
0,108.66666669999998
0,67.71428571
95,30.428571430000005
96,6.75
0,62.99999999999999
98,139.0
0,0.0
100,0.0
101,17.0
102,28.5
0,0.0
104,106.99999999999999
0,30.0
0,36.0
107,122.00000000000001
0,26.0
0,0.0
110,25.0
0,19.18181818
0,7.0
113,29.599999999999998
0,11.000000000000002
0,13.0
0,6.999999999999999
117,58.5
0,83.0
0,44.0
120,96.0
0,26.999999999999996
122,66.33333333
0,65.19999999999999
0,0.0
125,59.0
125,0.0
0,0.0
0,0.0
0,0.0
0,0.0
0,0.0
0,0.0
0,0.0
0,0.0
125,0.0
0,0.0
125,0.0
125,0.0
125,0.0
0,0.0
0,0.0
125,0.0
0,0.0
0,0.0
125,0.0
125,0.0
0,0.0
0,0.0
125,0.0
0,0.0
0,0.0
0,0.0
0,0.0
125,0.0
125,0.0
125,0.0
125,0.0
0,0.0
0,0.0
0,0.0
0,0.0
0,0.0
0,0.0
0,0.0
125,0.0
0,0.0
0,0.0
125,0.0
0,0.0
0,0.0
0,0.0
0,0.0
125,0.0
0,0.0
125,0.0
0,0.0
0,0.0
0,0.0
0,0.0
125,0.0
0,0.0
0,0.0
0,0.0
0,0.0
0,0.0
0,0.0
0,0.0
125,0.0
125,0.0
125,0.0
0,0.0
0,0.0
0,0.0
0,0.0
0,0.0
0,0.0
0,0.0
0,0.0
125,0.0
125,0.0
0,0.0
0,0.0
0,0.0
125,0.0
0,0.0
0,0.0
0,0.0
0,0.0
0,0.0
0,0.0
0,0.0
0,0.0
0,0.0
0,0.0
0,0.0
0,0.0
0,0.0
125,0.0
125,0.0
0,0.0
0,0.0
0,0.0
0,0.0
0,0.0
0,0.0
125,0.0
0,0.0
0,0.0
126,0.0
126,0.0
0,0.0
126,0.0
0,0.0
0,0.0
0,0.0
0,0.0
0,0.0
0,0.0
0,0.0
0,0.0
0,0.0
0,0.0
0,0.0
0,0.0
0,0.0
0,0.0
0,0.0
0,0.0
0,0.0
0,0.0
0,0.0
0,0.0
0,0.0
0,0.0
0,0.0
0,0.0
0,0.0
0,0.0
0,0.0
0,0.0
0,0.0
0,0.0
0,0.0
126,0.0
0,0.0
0,0.0
0,0.0
0,0.0
0,0.0
126,0.0
0,32.0
0,0.0
0,0.0
0,0.0
0,0.0
0,0.0
0,0.0
127,0.0
0,0.0
0,0.0
0,0.0
0,0.0
0,0.0
0,0.0
127,0.0
0,0.0
0,0.0
0,0.0
0,0.0
0,0.0
0,0.0
0,0.0
0,0.0
0,0.0
0,0.0
0,0.0
0,0.0
0,0.0
0,0.0
127,0.0
0,0.0
127,0.0
0,0.0
0,0.0
0,0.0
0,0.0
0,0.0
0,0.0
0,0.0
0,0.0
0,0.0
0,0.0
0,0.0
0,0.0
0,0.0
0,0.0
0,0.0
0,0.0
0,0.0
0,0.0
0,0.0
0,0.0
0,0.0
0,0.0
0,0.0
0,0.0
0,0.0
0,0.0
127,0.0
0,0.0
127,0.0
0,0.0
0,0.0
127,0.0
127,0.0
0,0.0
127,0.0
0,0.0
127,0.0
0,0.0
0,0.0
0,0.0
0,0.0
0,0.0
0,0.0
0,0.0
0,0.0
0,0.0
0,0.0
127,0.0
127,0.0
0,0.0
0,0.0
0,0.0
0,0.0
0,0.0
0,0.0
0,0.0
0,0.0
0,0.0
0,0.0
0,0.0
0,0.0
0,0.0
0,0.0
0,0.0
0,0.0
0,0.0
0,0.0
0,0.0
0,0.0
0,0.0
127,0.0
0,0.0
0,0.0
0,0.0
0,0.0
0,0.0
0,0.0
0,0.0
0,0.0
0,0.0
0,0.0
0,0.0
0,0.0
0,0.0
0,0.0
127,0.0
0,0.0
0,0.0
0,0.0
0,0.0
0,0.0
0,0.0
0,0.0
0,0.0
0,0.0
0,0.0
0,0.0
0,0.0
0,0.0
0,0.0
127,0.0
0,0.0
0,0.0
0,0.0
0,0.0
0,0.0
0,0.0
0,0.0
0,0.0
0,0.0
0,0.0
0,0.0
0,0.0
0,0.0
0,0.0
0,0.0
0,0.0
0,0.0
0,0.0
0,0.0
0,0.0
0,0.0
0,0.0
0,0.0
0,0.0
0,0.0
0,0.0
0,0.0
0,0.0
0,0.0
0,0.0
0,0.0
0,0.0
0,0.0
0,0.0
0,0.0
0,0.0
0,0.0
0,0.0
0,0.0
0,0.0
0,0.0
0,0.0
0,0.0
0,0.0
0,0.0
0,0.0
0,0.0
0,0.0
0,0.0
0,0.0
0,0.0
0,0.0
0,0.0
0,0.0
127,0.0
0,0.0
127,0.0
0,0.0
0,0.0
0,0.0
0,0.0
0,0.0
0,0.0
0,0.0
0,0.0
0,0.0
0,0.0
0,0.0
0,0.0
0,0.0
0,0.0
0,0.0
0,0.0
0,0.0
0,0.0
0,0.0
0,0.0
0,0.0
0,0.0
0,0.0
0,0.0
0,0.0
0,0.0
0,0.0
0,0.0
0,0.0
0,0.0
0,0.0
0,0.0
0,0.0
0,0.0
0,0.0
0,0.0
0,0.0
0,0.0
0,0.0
0,0.0
0,0.0
0,0.0
0,0.0
0,0.0
0,0.0
0,0.0
0,0.0
0,0.0
0,0.0
0,0.0
0,0.0
0,0.0
0,0.0
0,0.0
0,0.0
0,0.0
0,0.0
0,0.0
0,0.0
0,0.0
0,0.0
0,0.0
0,0.0
127,0.0
0,0.0
0,0.0
0,0.0
0,0.0
0,0.0
0,0.0
0,0.0
0,0.0
0,0.0
0,0.0
0,0.0
0,0.0
127,0.0
0,0.0
127,0.0
0,0.0
0,0.0
0,0.0
0,0.0
127,0.0
0,0.0
0,0.0
0,0.0
0,0.0
0,0.0
0,0.0
0,0.0
0,0.0
0,0.0
0,0.0
0,0.0
127,0.0
0,0.0
0,0.0
0,0.0
0,0.0
0,0.0
0,0.0
0,0.0
127,0.0
0,0.0
0,0.0
0,0.0
0,0.0
0,0.0
0,0.0
0,0.0
0,0.0
0,0.0
0,0.0
0,0.0
0,0.0
0,0.0
0,0.0
0,0.0
0,0.0
0,0.0
0,0.0
127,0.0
0,0.0
0,0.0
0,0.0
0,0.0
0,0.0
0,0.0
0,0.0
0,0.0
0,0.0
0,0.0
0,0.0
0,0.0
0,0.0
0,0.0
0,0.0
0,0.0
0,0.0
0,0.0
0,0.0
0,0.0
0,0.0
0,0.0
0,0.0
0,0.0
127,0.0
0,0.0
0,0.0
0,0.0
0,0.0
0,0.0
0,0.0
0,0.0
0,0.0
0,0.0
0,0.0
0,0.0
0,0.0
0,0.0
0,0.0
0,0.0
0,0.0
0,0.0
0,0.0
0,0.0
0,0.0
0,0.0
0,0.0
0,0.0
0,0.0
0,0.0
127,0.0
0,0.0
0,0.0
0,0.0
0,0.0
0,0.0
0,0.0
0,0.0
0,0.0
0,0.0
0,0.0
0,0.0
0,0.0
0,0.0
0,0.0
0,0.0
0,0.0
0,0.0
127,0.0
0,0.0
0,0.0
0,0.0
0,0.0
0,0.0
0,0.0
0,0.0
0,0.0
0,0.0
0,0.0
0,0.0
0,0.0
0,0.0
0,0.0
0,0.0
0,0.0
0,0.0
0,0.0
0,0.0
0,0.0
0,0.0
0,0.0
0,0.0
0,0.0
0,0.0
127,0.0
0,0.0
0,0.0
0,0.0
0,0.0
0,0.0
0,0.0
0,0.0
0,0.0
0,0.0
127,0.0
0,0.0
0,0.0
0,0.0
0,0.0
0,0.0
0,0.0
0,0.0
0,0.0
0,0.0
0,0.0
0,0.0
0,0.0
0,0.0
127,0.0
0,0.0
0,0.0
0,0.0
0,0.0
0,0.0
0,0.0
0,0.0
0,0.0
0,0.0
0,0.0
0,0.0
0,0.0
0,0.0
0,0.0
0,0.0
0,0.0
0,0.0
0,0.0
0,0.0
0,0.0
0,0.0
0,0.0
0,0.0
0,0.0
0,0.0
0,0.0
0,0.0
0,0.0
0,0.0
0,0.0
0,0.0
0,0.0
0,0.0
0,0.0
0,0.0
0,0.0
0,0.0
0,0.0
0,0.0
0,0.0
0,0.0
0,0.0
0,0.0
0,0.0
0,0.0
0,0.0
0,0.0
0,0.0
0,0.0
0,0.0
0,0.0
0,0.0
0,0.0
0,0.0
0,0.0
0,0.0
0,0.0
0,0.0
0,0.0
0,0.0
0,0.0
0,0.0
0,0.0
0,0.0
0,0.0
0,0.0
0,0.0
0,0.0
0,0.0
0,0.0
0,0.0
0,0.0
0,0.0
0,0.0
0,0.0
0,0.0
0,0.0
0,0.0
0,0.0
0,0.0
0,0.0
0,0.0
0,0.0
0,0.0
0,0.0
0,0.0
0,0.0
0,0.0
0,0.0
0,0.0
0,0.0
0,0.0
0,0.0
0,0.0
0,0.0
0,0.0
0,0.0
0,0.0
0,0.0
0,0.0
0,0.0
0,0.0
0,0.0
0,0.0
0,0.0
0,0.0
0,0.0
0,0.0
0,0.0
0,0.0
0,0.0
0,0.0
0,0.0
0,0.0
0,0.0
0,0.0
0,0.0
0,0.0
0,0.0
0,0.0
0,0.0
0,0.0
0,0.0
0,0.0
0,0.0
0,0.0
0,0.0
0,0.0
0,0.0
0,0.0
0,0.0
0,0.0
0,0.0
0,0.0
0,0.0
0,0.0
0,0.0
0,0.0
0,0.0
0,0.0
0,0.0
0,0.0
0,0.0
0,0.0
0,0.0
0,0.0
0,0.0
0,0.0
0,0.0
0,0.0
0,0.0
0,0.0
0,0.0
0,0.0
0,0.0
0,0.0
0,0.0
0,0.0
0,0.0
0,0.0
0,0.0
0,0.0
0,0.0
0,0.0
0,0.0
0,0.0
0,0.0
0,0.0
0,0.0
0,0.0
0,0.0
0,0.0
0,0.0
0,19.0
129,112.0833333
130,208.0
131,210.0
132,59.75
133,181.0
134,106.6666667
135,66.25
136,64.5
137,54.5
138,113.00000000000001
139,442.66666669999995
140,144.50000000000003
141,174.0
142,152.0
143,54.50000000000001
144,45.0
145,29.0
146,96.15789473999999
147,53.5
148,61.0
149,8.25
150,105.5
151,165.0
152,108.0
153,37.125
154,127.0
155,54.5
156,64.0
157,40.0
158,56.900000000000006
159,102.25
160,34.0
161,30.000000000000004
162,41.0
163,37.0
164,36.0
165,78.71428571000001
166,100.3333333
167,96.0
168,89.0
169,46.375
170,31.75
171,9.333333333
172,49.0
173,10.42857143
174,43.0
175,19.428571429999998
176,24.71428571
177,141.00000000000003
178,139.0
179,72.35714286
180,40.49999999999999
181,55.333333329999995
182,71.0
183,39.0
184,53.99999999999999
185,56.33333333000001
186,62.49999999999999
187,165.0
188,183.0
189,189.50000000000003
190,128.0
191,73.0
192,307.0
193,71.0
194,25.000000000000004
195,61.0
196,58.0
197,20.0
198,18.0
199,157.75
199,0.0
200,82.0
201,153.0
202,36.00000000000001
203,85.5
204,89.75000000000001
205,53.0
206,47.99999999999999
207,48.0
208,15.33333333
209,26.33333333
210,27.000000000000004
211,15.66666667
212,56.19354839
213,86.12500000000001
214,114.3333333
215,132.5555556
216,112.50000000000001
217,101.3
218,73.99999999999999
219,4.733333333
220,72.71428571
221,63.59090909
222,12.46875
223,133.0
224,6.379310345
225,86.54545455
226,68.89655172000002
227,76.0
228,74.72727273
229,47.0
230,97.14285713999999
231,19.0
232,43.25
233,56.25
234,61.64912281
235,56.26086957
236,93.66666667
237,59.99999999999999
238,16.90909091
239,64.69565217
240,15.0
241,38.44444444
242,118.24999999999999
243,23.0
244,144.50000000000003
245,22.0
246,38.8
247,60.49999999999999
248,108.3636364
249,93.12500000000001
0,0.0
0,102.0
0,113.0
3,232.5
4,46.08333333
0,91.0
6,69.0
7,210.5
8,89.5
9,21.0
10,21.0
0,21.0
12,19.0
0,27.000000000000004
14,27.0
15,229.2
0,54.5
0,163.0
18,123.09090909999999
0,180.6666667
0,0.0
0,53.0
22,31.230769229999996
23,128.2
0,62.88461538
25,2.0
0,64.875
27,34.0
0,121.5
29,53.0
30,27.66666667
31,39.85714286
0,96.0
0,44.0
34,24.999999999999996
0,379.0
0,126.0
0,168.0
0,50.0
0,107.0
0,43.748251749999994
41,46.28571429000001
42,32.0
43,45.33333333000001
0,77.0
45,109.8571429
46,103.6666667
47,38.66666667
0,72.0
49,61.5
50,52.7
0,30.999999999999996
52,132.00000000000003
53,38.0
54,8.0
0,11.18181818
0,0.0
0,118.4666667
58,22.000000000000004
59,39.0
0,273.3333333
61,37.99999999999999
0,13.66666667
0,215.0
0,0.0
0,113.0
65,29.0
0,272.0
67,23.0
68,220.0
0,447.99999999999994
0,595.0
0,604.0
0,350.00000000000006
0,27.0
74,19.0
0,16.75
0,41.99999999999999
77,239.99999999999997
0,181.8
0,85.5
80,139.0
0,174.00000000000003
0,348.0
83,34.875
0,40.5
85,84.66666667
0,207.6666667
0,52.16666666999999
88,56.8
89,0.0
0,3.0
91,12.0
0,108.6666667
0,67.71428571
94,30.42857143
95,6.75
0,63.0
97,139.0
0,0.0
99,0.0
100,17.0
101,28.500000000000004
0,0.0
103,107.0
0,29.999999999999996
0,36.0
106,122.0
0,26.000000000000004
0,0.0
109,25.0
0,19.18181818
0,6.999999999999999
112,29.6
0,11.0
0,13.0
0,7.0
116,58.5
0,83.0
0,44.0
119,96.0
0,26.999999999999996
121,66.33333333
0,65.2
0,0.0
124,58.99999999999999
125,220.25
0,25.13333333
0,18.75
0,31.16666667
0,36.16666667
0,286.3333333
0,313.0
0,339.0
0,235.5
134,221.66666670000004
0,82.66666667
136,178.5
137,128.0
138,150.0
0,133.0
0,235.0
141,0.0
0,0.0
0,5.857142857
144,8.0
145,10.875
0,2.0
0,22.66666667
148,27.6
0,18.0
0,24.0
0,74.66666667
0,42.5
153,59.77777778
154,51.0
155,27.714285710000002
156,42.84615385
0,62.00000000000001
0,27.2
0,31.249999999999996
0,46.6
0,26.81818182
0,44.0
0,11.666666669999998
164,36.0
0,27.5
0,38.33333333000001
167,42.5
0,7.0
0,126.60000000000001
0,12.0
0,0.0
172,111.0
0,0.0
172,0.0
0,0.0
0,0.0
0,0.0
0,0.0
172,0.0
0,0.0
0,0.0
0,0.0
0,0.0
0,0.0
0,0.0
0,0.0
172,0.0
172,0.0
172,0.0
0,0.0
0,0.0
0,0.0
0,0.0
0,0.0
0,0.0
0,0.0
0,0.0
172,0.0
172,0.0
0,0.0
0,0.0
0,0.0
172,0.0
0,0.0
0,0.0
0,0.0
0,0.0
0,0.0
0,0.0
0,0.0
0,0.0
0,0.0
0,0.0
0,0.0
0,0.0
0,0.0
172,0.0
172,0.0
0,0.0
0,0.0
0,0.0
0,0.0
0,0.0
0,0.0
173,61.5
0,0.0
0,0.0
173,0.0
173,0.0
0,0.0
173,0.0
0,0.0
0,0.0
0,0.0
0,0.0
0,0.0
0,0.0
0,0.0
0,0.0
0,0.0
0,0.0
0,0.0
0,0.0
0,0.0
0,0.0
0,0.0
0,0.0
0,0.0
0,0.0
0,0.0
0,0.0
0,0.0
0,0.0
0,95.00000000000001
0,0.0
0,0.0
0,0.0
0,0.0
0,0.0
0,0.0
0,0.0
0,0.0
174,0.0
0,0.0
0,0.0
0,0.0
0,0.0
0,0.0
174,0.0
0,0.0
0,0.0
0,0.0
0,0.0
0,0.0
0,0.0
0,0.0
174,0.0
0,0.0
0,0.0
0,0.0
0,0.0
0,0.0
0,0.0
174,0.0
0,0.0
0,0.0
0,0.0
0,0.0
0,0.0
0,0.0
0,0.0
0,0.0
0,0.0
0,0.0
0,0.0
0,0.0
0,0.0
0,0.0
174,0.0
0,0.0
174,0.0
0,0.0
0,0.0
0,0.0
0,0.0
0,0.0
0,0.0
0,190.25
0,0.0
0,0.0
0,0.0
0,0.0
0,0.0
0,0.0
0,0.0
0,0.0
0,0.0
0,0.0
0,0.0
0,0.0
0,0.0
0,0.0
0,0.0
0,0.0
0,0.0
0,0.0
0,0.0
175,0.0
0,0.0
175,0.0
0,0.0
0,0.0
175,0.0
175,0.0
0,0.0
175,0.0
0,0.0
175,0.0
0,0.0
0,0.0
0,0.0
0,0.0
0,0.0
0,0.0
0,0.0
0,0.0
0,0.0
0,0.0
175,0.0
175,0.0
0,0.0
0,0.0
0,0.0
0,0.0
0,0.0
0,0.0
0,0.0
0,0.0
0,0.0
0,0.0
0,0.0
0,0.0
0,0.0
0,0.0
0,0.0
0,0.0
0,0.0
0,0.0
0,0.0
0,0.0
0,0.0
175,0.0
0,0.0
0,0.0
0,0.0
0,0.0
0,0.0
0,0.0
0,0.0
0,0.0
0,0.0
0,0.0
0,0.0
0,0.0
0,0.0
0,0.0
175,0.0
0,0.0
0,0.0
0,0.0
0,0.0
0,0.0
0,0.0
0,0.0
0,0.0
0,0.0
0,0.0
0,0.0
0,0.0
0,0.0
0,0.0
175,0.0
0,0.0
0,0.0
0,0.0
0,0.0
0,0.0
0,0.0
0,0.0
0,0.0
0,0.0
0,0.0
0,0.0
0,0.0
0,0.0
0,0.0
0,0.0
0,0.0
0,0.0
0,0.0
0,0.0
0,0.0
0,0.0
0,0.0
0,0.0
0,0.0
0,0.0
0,0.0
0,0.0
0,0.0
0,0.0
0,0.0
0,0.0
0,0.0
0,0.0
0,0.0
0,0.0
0,0.0
0,0.0
0,0.0
0,0.0
0,0.0
0,0.0
0,0.0
0,0.0
0,0.0
0,0.0
0,0.0
0,0.0
0,0.0
0,0.0
0,0.0
0,0.0
0,0.0
0,0.0
0,0.0
175,0.0
0,0.0
175,0.0
0,0.0
0,0.0
0,0.0
0,0.0
0,0.0
0,0.0
0,0.0
0,0.0
0,0.0
0,123.50000000000001
0,0.0
0,0.0
0,0.0
0,0.0
0,0.0
0,0.0
0,0.0
0,0.0
0,0.0
0,0.0
0,0.0
0,0.0
0,0.0
0,0.0
0,106.25
0,0.0
0,0.0
0,0.0
0,0.0
0,0.0
0,0.0
0,0.0
0,0.0
0,0.0
0,0.0
0,0.0
0,0.0
0,0.0
0,0.0
0,0.0
0,0.0
0,0.0
0,0.0
0,0.0
0,0.0
0,0.0
0,0.0
0,0.0
0,0.0
0,0.0
0,0.0
0,0.0
0,0.0
0,0.0
0,0.0
0,0.0
0,0.0
0,0.0
0,0.0
0,0.0
0,0.0
0,0.0
0,0.0
177,0.0
0,0.0
0,0.0
0,0.0
0,0.0
0,0.0
0,0.0
0,0.0
0,0.0
0,0.0
0,0.0
0,0.0
0,0.0
177,0.0
0,0.0
177,0.0
0,0.0
0,0.0
0,0.0
0,0.0
177,0.0
0,0.0
0,0.0
0,0.0
0,0.0
0,0.0
0,0.0
0,0.0
0,0.0
0,0.0
0,0.0
0,0.0
177,0.0
0,0.0
0,0.0
0,0.0
0,0.0
0,0.0
0,0.0
0,0.0
177,0.0
0,0.0
0,0.0
0,0.0
0,0.0
0,0.0
0,0.0
0,0.0
0,0.0
0,0.0
0,0.0
0,0.0
0,0.0
0,0.0
0,0.0
0,0.0
0,0.0
0,0.0
0,0.0
177,0.0
0,0.0
0,0.0
0,0.0
0,0.0
0,0.0
0,0.0
0,0.0
0,0.0
0,0.0
0,0.0
0,0.0
0,0.0
0,0.0
0,0.0
0,0.0
0,0.0
0,0.0
0,0.0
0,0.0
0,0.0
0,0.0
0,0.0
0,0.0
0,0.0
177,0.0
0,0.0
0,0.0
0,0.0
0,0.0
0,0.0
0,0.0
0,0.0
0,0.0
0,0.0
0,0.0
0,0.0
0,0.0
0,0.0
0,0.0
0,0.0
0,0.0
0,0.0
0,0.0
0,0.0
0,0.0
0,0.0
0,0.0
0,0.0
0,0.0
0,0.0
177,0.0
0,0.0
0,0.0
0,0.0
0,0.0
0,0.0
0,0.0
0,0.0
0,0.0
0,0.0
0,0.0
0,0.0
0,0.0
0,0.0
0,0.0
0,0.0
0,0.0
0,0.0
177,0.0
0,0.0
0,0.0
0,0.0
0,0.0
0,0.0
0,0.0
0,0.0
0,0.0
0,0.0
0,0.0
0,0.0
0,0.0
0,0.0
0,0.0
0,0.0
0,0.0
0,0.0
0,0.0
0,0.0
0,0.0
0,0.0
0,0.0
0,0.0
0,0.0
0,0.0
177,0.0
0,0.0
0,0.0
0,0.0
0,0.0
0,0.0
0,0.0
0,0.0
0,0.0
0,0.0
177,0.0
0,0.0
0,0.0
0,0.0
0,0.0
0,0.0
0,0.0
0,0.0
0,0.0
0,0.0
0,0.0
0,0.0
0,0.0
0,0.0
177,0.0
0,0.0
0,0.0
0,0.0
0,0.0
0,0.0
0,0.0
0,0.0
0,0.0
0,0.0
0,0.0
0,0.0
0,0.0
0,0.0
0,0.0
0,0.0
0,0.0
0,0.0
0,0.0
0,0.0
0,0.0
0,0.0
0,0.0
0,0.0
0,0.0
0,698.4999999999999
0,0.0
0,0.0
0,0.0
0,0.0
0,0.0
0,0.0
0,0.0
0,0.0
0,0.0
0,0.0
0,0.0
0,0.0
0,0.0
0,0.0
0,0.0
0,0.0
0,0.0
0,0.0
0,0.0
0,0.0
0,0.0
0,0.0
0,0.0
0,0.0
0,0.0
0,0.0
0,0.0
0,0.0
0,0.0
0,0.0
0,0.0
0,0.0
0,0.0
0,0.0
0,0.0
0,0.0
0,0.0
0,0.0
0,0.0
0,0.0
0,0.0
0,0.0
0,0.0
0,0.0
0,0.0
0,0.0
0,0.0
0,0.0
0,0.0
0,0.0
0,0.0
0,0.0
0,0.0
0,0.0
0,0.0
0,0.0
0,0.0
0,0.0
0,0.0
0,0.0
0,0.0
0,0.0
0,0.0
0,0.0
0,0.0
0,0.0
0,0.0
0,0.0
0,0.0
0,0.0
0,0.0
0,0.0
0,0.0
0,0.0
0,0.0
0,0.0
0,0.0
0,0.0
0,0.0
0,0.0
0,0.0
0,0.0
0,0.0
0,0.0
0,0.0
0,0.0
0,0.0
0,0.0
0,0.0
0,0.0
0,0.0
0,0.0
0,0.0
0,0.0
0,0.0
0,0.0
0,0.0
0,0.0
0,121.0
0,0.0
0,0.0
0,0.0
0,0.0
0,0.0
0,0.0
0,0.0
0,0.0
0,0.0
0,0.0
0,0.0
0,0.0
0,0.0
0,0.0
0,0.0
0,0.0
0,0.0
0,0.0
0,0.0
0,0.0
0,0.0
0,0.0
0,0.0
0,0.0
0,0.0
0,0.0
0,0.0
0,0.0
0,0.0
0,0.0
0,0.0
0,0.0
0,0.0
0,0.0
0,0.0
0,0.0
0,0.0
0,0.0
0,0.0
0,0.0
0,0.0
0,0.0
0,0.0
0,0.0
0,0.0
0,0.0
0,0.0
0,0.0
0,0.0
0,19.000000000000004
181,112.0833333
182,208.0
183,210.0
184,59.74999999999999
185,181.0
186,106.66666669999998
187,66.25
188,64.5
189,54.5
190,113.00000000000001
191,442.6666667
192,144.5
193,174.0
194,152.0
195,54.5
196,45.00000000000001
197,29.0
198,96.15789474
199,53.5
200,61.0
201,8.25
202,105.5
203,165.0
204,108.0
205,37.12500000000001
206,126.99999999999999
207,54.5
208,64.0
209,40.0
210,56.9
211,102.25000000000001
212,34.0
213,30.0
214,41.0
215,37.0
216,36.0
217,78.71428571
218,100.33333329999999
219,96.0
220,89.00000000000001
221,46.37500000000001
222,31.750000000000004
223,9.333333333
224,49.0
225,10.42857143
226,43.00000000000001
227,19.428571429999998
228,24.71428571
229,141.0
230,139.00000000000003
231,72.35714286
232,40.5
233,55.333333329999995
234,71.0
235,39.0
236,54.0
237,56.33333333000001
238,62.5
239,165.0
240,183.00000000000003
241,189.5
242,128.0
243,73.0
244,307.0
245,71.00000000000001
246,25.0
247,60.99999999999999
248,58.0
249,20.0
250,18.0
251,157.75
252,159.0
253,82.0
254,152.99999999999997
255,36.0
256,85.5
257,89.75000000000001
258,52.99999999999999
259,48.00000000000001
260,47.99999999999999
261,15.33333333
262,26.33333333
263,27.0
264,15.66666667
265,56.19354839
266,86.12500000000001
267,114.3333333
268,132.5555556
269,112.5
270,101.3
271,73.99999999999999
272,4.733333333000001
273,72.71428571
274,63.59090908999999
275,12.46875
276,133.0
277,6.379310345
278,86.54545455
279,68.89655172
280,76.0
281,74.72727273
282,47.0
283,97.14285714
284,19.0
285,43.25
286,56.25000000000001
287,61.649122809999994
288,56.26086957
289,93.66666666999998
290,60.00000000000001
291,16.909090909999996
292,64.69565217
293,15.0
294,38.44444444
295,118.25
296,23.0
297,144.5
298,22.0
299,38.8
300,60.5
301,108.3636364
302,93.125
0,0.0
0,102.0
0,113.0
3,232.5
4,46.08333333
0,91.0
6,69.0
7,210.5
8,89.5
9,21.0
10,21.0
0,21.0
12,19.0
0,27.000000000000004
14,27.0
15,229.2
0,0.0
0,163.0
17,123.0909091
0,180.66666669999998
0,0.0
0,53.0
21,31.23076923
22,128.2
0,62.88461538
24,2.0
0,64.875
26,34.0
0,121.5
28,53.0
29,27.666666670000005
30,39.85714286
0,96.0
0,44.0
33,25.0
0,379.0
0,125.99999999999999
0,168.0
0,50.0
0,107.0
0,43.74825175
40,46.28571429
41,32.0
42,45.33333333
0,77.0
44,109.85714289999999
45,103.6666667
46,38.66666667
0,72.0
48,61.5
49,52.7
0,31.0
51,132.0
52,38.0
53,8.0
0,11.18181818
0,0.0
0,118.4666667
57,22.000000000000004
58,39.0
0,273.33333329999994
60,38.0
0,13.666666669999998
0,214.99999999999997
0,216.0
0,113.0
65,29.0
0,272.0
67,23.0
68,220.0
0,447.99999999999994
0,595.0
0,604.0
0,350.00000000000006
0,27.0
74,19.0
0,16.75
0,41.99999999999999
77,239.99999999999997
0,181.8
0,85.5
80,139.0
0,174.00000000000003
0,348.0
83,34.875
0,40.5
85,84.66666667
0,207.6666667
0,52.16666666999999
88,56.8
89,0.0
0,3.0
91,12.0
0,108.6666667
0,67.71428571
94,30.42857143
95,6.75
0,63.0
97,139.0
0,0.0
99,0.0
100,17.0
101,28.500000000000004
0,0.0
102,107.0
0,30.000000000000004
0,36.0
105,122.00000000000001
0,26.000000000000004
0,0.0
108,24.999999999999996
0,19.181818179999997
0,7.000000000000001
111,29.599999999999998
0,11.0
0,13.000000000000002
0,7.0
115,58.50000000000001
0,82.99999999999999
0,44.0
118,96.0
0,27.0
120,66.33333333
0,65.2
0,0.0
123,58.99999999999999
124,220.25000000000003
0,25.13333333
0,18.75
0,31.166666669999998
0,36.16666667
0,286.3333333
0,313.0
0,339.0
0,235.5
133,221.6666667
0,82.66666667
135,178.5
136,128.0
137,150.0
0,133.0
0,235.00000000000003
140,0.0
0,0.0
0,5.857142857000001
143,8.0
144,10.875
0,2.0
0,22.66666667
147,27.6
0,18.0
0,24.000000000000004
0,74.66666666999998
0,42.5
152,59.77777778
153,51.0
154,27.71428571
155,42.84615385
0,61.99999999999999
0,27.2
0,0.0
0,0.0
0,0.0
0,0.0
0,0.0
157,0.0
0,0.0
0,0.0
157,0.0
0,0.0
0,0.0
0,0.0
0,0.0
157,0.0
0,0.0
157,0.0
0,0.0
0,0.0
0,0.0
0,0.0
157,0.0
0,0.0
0,0.0
0,0.0
0,0.0
0,0.0
0,0.0
0,0.0
157,0.0
157,0.0
157,0.0
0,0.0
0,0.0
0,0.0
0,0.0
0,0.0
0,0.0
0,0.0
0,0.0
157,0.0
157,0.0
0,0.0
0,0.0
0,0.0
157,0.0
0,0.0
0,0.0
0,0.0
0,0.0
0,0.0
0,0.0
0,0.0
0,0.0
0,0.0
0,0.0
0,0.0
0,0.0
0,0.0
157,0.0
157,0.0
0,0.0
0,0.0
0,0.0
0,0.0
0,0.0
0,0.0
157,0.0
0,0.0
0,0.0
157,0.0
157,0.0
0,0.0
157,0.0
0,0.0
0,0.0
0,0.0
0,0.0
0,0.0
0,0.0
0,0.0
0,0.0
0,0.0
0,0.0
0,0.0
0,0.0
0,0.0
0,0.0
0,0.0
0,0.0
0,0.0
0,0.0
0,0.0
0,0.0
0,60.5
0,0.0
0,0.0
0,0.0
0,0.0
0,0.0
0,0.0
0,0.0
0,0.0
0,0.0
0,0.0
158,0.0
0,0.0
0,0.0
0,0.0
0,0.0
0,0.0
158,0.0
0,0.0
0,0.0
0,0.0
0,0.0
0,0.0
0,0.0
0,0.0
158,0.0
0,0.0
0,0.0
0,0.0
0,0.0
0,0.0
0,0.0
158,0.0
0,0.0
0,0.0
0,0.0
0,0.0
0,0.0
0,0.0
0,0.0
0,0.0
0,0.0
0,0.0
0,0.0
0,0.0
0,0.0
0,0.0
158,0.0
0,0.0
158,0.0
0,0.0
0,0.0
0,0.0
0,0.0
0,0.0
0,0.0
0,0.0
0,0.0
0,0.0
0,0.0
0,0.0
0,0.0
0,0.0
0,0.0
0,0.0
0,0.0
0,0.0
0,0.0
0,0.0
0,0.0
0,0.0
0,0.0
0,0.0
0,0.0
0,0.0
0,0.0
158,0.0
0,0.0
158,0.0
0,0.0
0,0.0
158,0.0
158,0.0
0,0.0
158,0.0
0,0.0
158,0.0
0,0.0
0,0.0
0,0.0
0,0.0
0,0.0
0,0.0
0,0.0
0,0.0
0,0.0
0,0.0
158,0.0
158,0.0
0,0.0
0,0.0
0,0.0
0,0.0
0,0.0
0,0.0
0,0.0
0,0.0
0,0.0
0,0.0
0,0.0
0,0.0
0,0.0
0,0.0
0,0.0
0,0.0
0,0.0
0,0.0
0,0.0
0,0.0
0,0.0
158,0.0
0,0.0
0,0.0
0,0.0
0,0.0
0,0.0
0,0.0
0,0.0
0,0.0
0,0.0
0,0.0
0,0.0
0,0.0
0,0.0
0,0.0
158,0.0
0,0.0
0,0.0
0,0.0
0,0.0
0,0.0
0,0.0
0,0.0
0,0.0
0,0.0
0,0.0
0,0.0
0,0.0
0,0.0
0,0.0
158,0.0
0,0.0
0,0.0
0,0.0
0,0.0
0,0.0
0,0.0
0,0.0
0,0.0
0,0.0
0,0.0
0,0.0
0,0.0
0,0.0
0,0.0
0,0.0
0,0.0
0,0.0
0,0.0
0,0.0
0,0.0
0,0.0
0,0.0
0,0.0
0,0.0
0,0.0
0,0.0
0,0.0
0,0.0
0,0.0
0,0.0
0,0.0
0,0.0
0,0.0
0,0.0
0,0.0
0,0.0
0,0.0
0,0.0
0,0.0
0,0.0
0,0.0
0,0.0
0,0.0
0,0.0
0,0.0
0,0.0
0,0.0
0,0.0
0,0.0
0,0.0
0,0.0
0,0.0
0,0.0
0,0.0
158,0.0
0,0.0
158,0.0
0,0.0
0,0.0
0,0.0
0,0.0
0,0.0
0,0.0
0,0.0
0,0.0
0,0.0
0,0.0
0,0.0
0,0.0
0,0.0
0,0.0
0,0.0
0,0.0
0,0.0
0,0.0
0,0.0
0,0.0
0,0.0
0,0.0
0,0.0
0,0.0
0,0.0
0,0.0
0,0.0
0,0.0
0,0.0
0,0.0
0,0.0
0,0.0
0,0.0
0,0.0
0,0.0
0,0.0
0,0.0
0,0.0
0,0.0
0,0.0
0,0.0
0,0.0
0,0.0
0,0.0
0,0.0
0,0.0
0,0.0
0,0.0
0,0.0
0,0.0
0,0.0
0,0.0
0,0.0
0,0.0
0,0.0
0,0.0
0,0.0
0,0.0
0,0.0
0,0.0
0,0.0
0,0.0
0,0.0
158,0.0
0,0.0
0,0.0
0,0.0
0,0.0
0,0.0
0,0.0
0,0.0
0,0.0
0,0.0
0,0.0
0,0.0
0,0.0
158,0.0
0,0.0
158,0.0
0,0.0
0,0.0
0,0.0
0,0.0
158,0.0
0,0.0
0,0.0
0,0.0
0,0.0
0,0.0
0,0.0
0,60.49999999999999
0,0.0
0,0.0
0,0.0
0,0.0
159,0.0
0,0.0
0,0.0
0,0.0
0,0.0
0,0.0
0,0.0
0,0.0
159,0.0
0,0.0
0,0.0
0,0.0
0,0.0
0,0.0
0,0.0
0,0.0
0,0.0
0,0.0
0,0.0
0,0.0
0,0.0
0,0.0
0,0.0
0,0.0
0,0.0
0,0.0
0,0.0
159,0.0
0,0.0
0,0.0
0,0.0
0,0.0
0,0.0
0,0.0
0,0.0
0,0.0
0,0.0
0,0.0
0,0.0
0,0.0
0,0.0
0,0.0
0,0.0
0,0.0
0,0.0
0,0.0
0,0.0
0,0.0
0,0.0
0,0.0
0,0.0
0,0.0
159,0.0
0,0.0
0,0.0
0,0.0
0,0.0
0,0.0
0,0.0
0,0.0
0,0.0
0,0.0
0,0.0
0,0.0
0,0.0
0,0.0
0,0.0
0,0.0
0,0.0
0,0.0
0,0.0
0,0.0
0,0.0
0,0.0
0,0.0
0,0.0
0,0.0
0,0.0
159,0.0
0,0.0
0,0.0
0,0.0
0,0.0
0,0.0
0,0.0
0,0.0
0,0.0
0,0.0
0,0.0
0,0.0
0,0.0
0,0.0
0,0.0
0,0.0
0,0.0
0,0.0
159,0.0
0,0.0
0,0.0
0,0.0
0,0.0
0,0.0
0,0.0
0,0.0
0,0.0
0,0.0
0,0.0
0,0.0
0,0.0
0,0.0
0,0.0
0,0.0
0,0.0
0,0.0
0,0.0
0,0.0
0,0.0
0,0.0
0,0.0
0,0.0
0,0.0
0,0.0
159,0.0
0,0.0
0,0.0
0,0.0
0,0.0
0,0.0
0,0.0
0,0.0
0,0.0
0,0.0
159,0.0
0,0.0
0,0.0
0,0.0
0,0.0
0,0.0
0,0.0
0,0.0
0,0.0
0,0.0
0,0.0
0,0.0
0,0.0
0,0.0
159,0.0
0,0.0
0,0.0
0,0.0
0,0.0
0,0.0
0,0.0
0,0.0
0,0.0
0,0.0
0,0.0
0,0.0
0,0.0
0,0.0
0,0.0
0,0.0
0,0.0
0,0.0
0,0.0
0,0.0
0,0.0
0,0.0
0,0.0
0,0.0
0,0.0
0,0.0
0,0.0
0,0.0
0,0.0
0,0.0
0,0.0
0,0.0
0,0.0
0,0.0
0,0.0
0,0.0
0,0.0
0,0.0
0,0.0
0,0.0
0,0.0
0,0.0
0,0.0
0,0.0
0,0.0
0,0.0
0,0.0
0,0.0
0,0.0
0,0.0
0,0.0
0,0.0
0,0.0
0,0.0
0,0.0
0,0.0
0,0.0
0,0.0
0,0.0
0,0.0
0,0.0
0,0.0
0,0.0
0,0.0
0,0.0
0,0.0
0,0.0
0,0.0
0,0.0
0,0.0
0,0.0
0,0.0
0,0.0
0,0.0
0,0.0
0,0.0
0,0.0
0,0.0
0,0.0
0,0.0
0,0.0
0,0.0
0,0.0
0,0.0
0,0.0
0,0.0
0,0.0
0,0.0
0,0.0
0,0.0
0,0.0
0,0.0
0,0.0
0,0.0
0,0.0
0,0.0
0,0.0
0,0.0
0,0.0
0,0.0
0,0.0
0,0.0
0,0.0
0,0.0
0,0.0
0,0.0
0,0.0
0,0.0
0,0.0
0,0.0
0,0.0
0,0.0
0,0.0
0,0.0
0,0.0
0,0.0
0,0.0
0,0.0
0,0.0
0,0.0
0,0.0
0,0.0
0,0.0
0,0.0
0,0.0
0,0.0
0,0.0
0,0.0
0,0.0
0,0.0
0,0.0
0,0.0
0,0.0
0,0.0
0,0.0
0,0.0
0,0.0
0,0.0
0,0.0
0,0.0
0,0.0
0,0.0
0,0.0
0,0.0
0,0.0
0,0.0
0,0.0
0,0.0
0,0.0
0,0.0
0,0.0
0,0.0
0,0.0
0,0.0
0,0.0
0,0.0
0,0.0
0,0.0
0,0.0
0,0.0
0,0.0
0,0.0
0,0.0
0,0.0
0,0.0
0,0.0
0,0.0
0,0.0
0,0.0
0,0.0
0,0.0
0,0.0
0,0.0
0,0.0
0,0.0
159,0.0
160,207.99999999999997
161,210.0
162,59.75000000000001
163,181.0
163,0.0
164,66.25
165,64.5
166,54.50000000000001
167,113.0
168,442.6666667
169,144.5
170,174.0
171,152.0
172,54.5
173,45.0
174,29.0
175,96.15789474
176,53.5
177,61.0
178,8.25
179,105.5
180,165.0
181,108.0
182,37.125
183,127.0
184,54.5
185,64.0
186,39.99999999999999
187,56.9
188,102.25000000000001
189,34.0
190,30.000000000000004
191,41.0
192,37.0
193,36.00000000000001
194,78.71428571
195,100.33333330000002
196,96.00000000000001
197,89.0
198,46.37500000000001
199,31.75
200,9.333333333
201,49.0
202,10.42857143
203,43.0
204,19.42857143
205,24.71428571
206,140.99999999999997
207,139.0
208,72.35714286
209,40.5
210,55.33333333
211,71.0
212,39.0
213,54.0
214,56.33333333000001
215,62.50000000000001
216,165.0
217,183.0
218,189.5
219,128.0
220,73.0
221,307.0
222,71.0
223,25.0
224,60.99999999999999
225,58.0
226,20.0
227,18.0
228,157.75
229,159.00000000000003
230,82.0
231,153.0
232,36.0
233,85.5
234,89.75
235,53.00000000000001
236,48.0
237,48.0
238,15.333333329999999
239,26.33333333
240,26.999999999999996
241,15.66666667
242,56.19354839
243,86.125
244,114.3333333
245,132.5555556
246,112.5
247,101.3
247,0.0
248,4.733333333
249,72.71428571
250,63.59090909
251,12.46875
252,133.0
253,6.379310345
254,86.54545455
255,68.89655172
256,76.0
257,74.72727272999998
258,47.0
259,97.14285714000002
260,19.0
261,43.25
262,56.25
263,61.64912281
264,56.26086957
265,93.66666667
266,60.0
267,16.90909091
268,64.69565217
269,15.0
270,38.44444444
271,118.25
272,23.0
273,144.5
274,22.0
275,38.8
276,60.5
277,108.3636364
278,93.12499999999999
0,0.0
0,102.0
0,113.0
3,232.5
4,46.08333333
0,91.0
6,69.0
7,210.5
8,89.5
9,21.0
10,21.0
0,21.0
12,19.0
0,27.000000000000004
14,27.0
15,229.2
0,54.5
0,163.0
18,123.09090909999999
0,180.6666667
0,0.0
0,53.0
22,31.230769229999996
23,128.2
0,62.88461538
25,2.0
0,64.875
27,34.0
0,121.5
29,53.0
30,27.66666667
31,39.85714286
0,96.0
0,44.0
34,24.999999999999996
0,379.0
0,126.0
0,0.0
0,50.0
0,107.0
0,43.74825175
40,46.28571429
41,32.0
42,45.33333333
0,77.0
44,109.85714289999999
45,103.6666667
46,38.66666667
0,72.0
48,61.5
49,52.7
0,31.0
51,132.0
52,38.0
53,8.0
0,11.18181818
0,0.0
0,118.4666667
57,22.000000000000004
58,39.0
0,273.33333329999994
60,38.0
0,13.666666669999998
0,214.99999999999997
0,216.0
0,113.0
65,29.0
0,272.0
67,23.0
68,220.0
0,447.99999999999994
0,595.0
0,604.0
0,350.00000000000006
0,27.0
74,19.0
0,16.75
0,41.99999999999999
77,239.99999999999997
0,181.8
0,85.5
80,139.0
0,174.00000000000003
0,348.0
83,34.875
0,40.5
85,84.66666667
0,207.6666667
0,52.16666666999999
88,56.8
89,0.0
0,3.0
91,12.0
0,0.0
0,67.71428570999998
93,30.42857143
94,6.750000000000001
0,63.00000000000001
96,139.0
0,0.0
98,0.0
99,17.0
100,28.500000000000004
0,0.0
102,107.0
0,30.000000000000004
0,36.0
105,122.00000000000001
0,26.000000000000004
0,0.0
108,24.999999999999996
0,19.181818179999997
0,7.000000000000001
111,29.599999999999998
0,11.0
0,13.000000000000002
0,7.0
115,58.50000000000001
0,82.99999999999999
0,44.0
118,96.0
0,27.0
120,66.33333333
0,65.2
0,0.0
123,58.99999999999999
124,220.25000000000003
0,25.13333333
0,18.75
0,31.166666669999998
0,36.16666667
0,286.3333333
0,313.0
0,339.0
0,235.5
133,221.6666667
0,82.66666667
135,178.5
136,128.0
137,150.0
0,133.0
0,235.00000000000003
140,0.0
0,0.0
0,5.857142857000001
143,8.0
144,10.875
0,2.0
0,22.66666667
147,27.6
0,18.0
0,24.000000000000004
0,74.66666666999998
0,42.5
152,59.77777778
153,51.0
154,27.71428571
155,42.84615385
0,61.99999999999999
0,0.0
0,0.0
0,0.0
0,0.0
0,0.0
0,0.0
156,0.0
0,0.0
0,0.0
156,0.0
0,0.0
0,0.0
0,0.0
0,0.0
156,0.0
0,0.0
156,0.0
0,0.0
0,0.0
0,0.0
0,0.0
156,0.0
0,0.0
0,0.0
0,0.0
0,0.0
0,0.0
0,0.0
0,0.0
156,0.0
156,0.0
156,0.0
0,0.0
0,0.0
0,0.0
0,0.0
0,0.0
0,0.0
0,0.0
0,0.0
156,0.0
156,0.0
0,0.0
0,0.0
0,0.0
156,0.0
0,0.0
0,0.0
0,0.0
0,0.0
0,0.0
0,0.0
0,0.0
0,0.0
0,0.0
0,0.0
0,0.0
0,0.0
0,0.0
156,0.0
156,0.0
0,0.0
0,0.0
0,0.0
0,0.0
0,0.0
0,0.0
156,0.0
0,0.0
0,0.0
156,0.0
156,0.0
0,0.0
156,0.0
0,0.0
0,0.0
0,0.0
0,0.0
0,0.0
0,0.0
0,0.0
0,0.0
0,0.0
0,0.0
0,0.0
0,0.0
0,0.0
0,0.0
0,0.0
0,0.0
0,0.0
0,0.0
0,0.0
0,0.0
0,0.0
0,0.0
0,0.0
0,0.0
0,0.0
0,0.0
0,0.0
0,0.0
0,0.0
0,0.0
0,0.0
156,0.0
0,0.0
0,0.0
0,0.0
0,0.0
0,0.0
156,0.0
0,0.0
0,0.0
0,0.0
0,0.0
0,28.55555556
0,0.0
0,0.0
157,0.0
0,0.0
0,0.0
0,0.0
0,0.0
0,0.0
0,0.0
157,0.0
0,0.0
0,0.0
0,0.0
0,0.0
0,0.0
0,0.0
0,0.0
0,0.0
0,0.0
0,0.0
0,0.0
0,0.0
0,0.0
0,0.0
157,0.0
0,0.0
157,0.0
0,0.0
0,0.0
0,0.0
0,0.0
0,0.0
0,0.0
0,0.0
0,0.0
0,0.0
0,0.0
0,0.0
0,0.0
0,0.0
0,0.0
0,0.0
0,0.0
0,0.0
0,0.0
0,0.0
0,0.0
0,0.0
0,0.0
0,0.0
0,0.0
0,0.0
0,0.0
157,0.0
0,0.0
157,0.0
0,0.0
0,0.0
157,0.0
157,0.0
0,0.0
157,0.0
0,0.0
157,0.0
0,0.0
0,0.0
0,0.0
0,0.0
0,0.0
0,0.0
0,0.0
0,34.0
0,0.0
0,0.0
158,0.0
158,0.0
0,0.0
0,0.0
0,0.0
0,0.0
0,0.0
0,0.0
0,0.0
0,0.0
0,0.0
0,0.0
0,0.0
0,0.0
0,0.0
0,0.0
0,0.0
0,0.0
0,0.0
0,0.0
0,0.0
0,0.0
0,0.0
158,0.0
0,0.0
0,0.0
0,0.0
0,0.0
0,0.0
0,0.0
0,0.0
0,0.0
0,0.0
0,0.0
0,0.0
0,0.0
0,0.0
0,0.0
158,0.0
0,0.0
0,0.0
0,0.0
0,0.0
0,0.0
0,0.0
0,0.0
0,0.0
0,0.0
0,0.0
0,0.0
0,0.0
0,0.0
0,0.0
158,0.0
0,0.0
0,0.0
0,0.0
0,0.0
0,0.0
0,0.0
0,0.0
0,0.0
0,0.0
0,0.0
0,0.0
0,0.0
0,0.0
0,0.0
0,0.0
0,0.0
0,0.0
0,0.0
0,0.0
0,0.0
0,0.0
0,0.0
0,0.0
0,0.0
0,0.0
0,0.0
0,0.0
0,0.0
0,0.0
0,0.0
0,0.0
0,0.0
0,0.0
0,0.0
0,0.0
0,0.0
0,0.0
0,0.0
0,0.0
0,0.0
0,0.0
0,0.0
0,0.0
0,0.0
0,0.0
0,0.0
0,0.0
0,0.0
0,0.0
0,0.0
0,0.0
0,0.0
0,0.0
0,0.0
158,0.0
0,0.0
158,0.0
0,0.0
0,0.0
0,0.0
0,0.0
0,0.0
0,0.0
0,0.0
0,0.0
0,0.0
0,0.0
0,0.0
0,0.0
0,0.0
0,0.0
0,0.0
0,0.0
0,0.0
0,0.0
0,0.0
0,0.0
0,0.0
0,0.0
0,0.0
0,0.0
0,0.0
0,0.0
0,0.0
0,0.0
0,0.0
0,0.0
0,0.0
0,0.0
0,0.0
0,0.0
0,0.0
0,0.0
0,0.0
0,0.0
0,0.0
0,0.0
0,0.0
0,0.0
0,0.0
0,0.0
0,0.0
0,0.0
0,0.0
0,0.0
0,0.0
0,0.0
0,0.0
0,0.0
0,0.0
0,0.0
0,0.0
0,0.0
0,0.0
0,0.0
0,0.0
0,0.0
0,0.0
0,0.0
0,0.0
158,0.0
0,0.0
0,0.0
0,0.0
0,0.0
0,0.0
0,0.0
0,0.0
0,0.0
0,0.0
0,0.0
0,0.0
0,0.0
158,0.0
0,0.0
158,0.0
0,0.0
0,0.0
0,0.0
0,0.0
158,0.0
0,0.0
0,0.0
0,0.0
0,0.0
0,0.0
0,0.0
0,0.0
0,0.0
0,0.0
0,0.0
0,0.0
158,0.0
0,0.0
0,0.0
0,0.0
0,0.0
0,0.0
0,0.0
0,0.0
158,0.0
0,0.0
0,0.0
0,0.0
0,0.0
0,0.0
0,0.0
0,0.0
0,0.0
0,0.0
0,0.0
0,0.0
0,0.0
0,0.0
0,0.0
0,0.0
0,0.0
0,0.0
0,0.0
158,0.0
0,0.0
0,0.0
0,0.0
0,0.0
0,0.0
0,0.0
0,0.0
0,0.0
0,0.0
0,0.0
0,0.0
0,0.0
0,0.0
0,0.0
0,0.0
0,0.0
0,0.0
0,0.0
0,0.0
0,0.0
0,0.0
0,0.0
0,0.0
0,0.0
158,0.0
0,0.0
0,0.0
0,356.99999999999994
0,0.0
0,0.0
0,0.0
0,0.0
0,0.0
0,0.0
0,0.0
0,0.0
0,0.0
0,0.0
0,0.0
0,0.0
0,0.0
0,0.0
0,0.0
0,0.0
0,0.0
0,0.0
0,0.0
0,0.0
0,0.0
0,0.0
159,0.0
0,0.0
0,0.0
0,0.0
0,0.0
0,0.0
0,0.0
0,0.0
0,0.0
0,0.0
0,0.0
0,0.0
0,0.0
0,0.0
0,0.0
0,0.0
0,0.0
0,0.0
159,0.0
0,0.0
0,0.0
0,0.0
0,0.0
0,0.0
0,0.0
0,0.0
0,0.0
0,0.0
0,0.0
0,0.0
0,0.0
0,0.0
0,0.0
0,0.0
0,0.0
0,0.0
0,0.0
0,0.0
0,0.0
0,0.0
0,0.0
0,0.0
0,0.0
0,0.0
159,0.0
0,0.0
0,0.0
0,0.0
0,0.0
0,0.0
0,0.0
0,0.0
0,0.0
0,0.0
159,0.0
0,0.0
0,0.0
0,0.0
0,0.0
0,0.0
0,0.0
0,0.0
0,0.0
0,0.0
0,0.0
0,0.0
0,0.0
0,0.0
159,0.0
0,0.0
0,0.0
0,0.0
0,0.0
0,0.0
0,0.0
0,0.0
0,0.0
0,0.0
0,0.0
0,0.0
0,0.0
0,0.0
0,0.0
0,0.0
0,0.0
0,0.0
0,0.0
0,0.0
0,0.0
0,0.0
0,0.0
0,0.0
0,0.0
0,0.0
0,0.0
0,0.0
0,0.0
0,0.0
0,0.0
0,0.0
0,0.0
0,0.0
0,0.0
0,0.0
0,0.0
0,0.0
0,0.0
0,0.0
0,0.0
0,0.0
0,0.0
0,0.0
0,0.0
0,0.0
0,0.0
0,0.0
0,0.0
0,0.0
0,0.0
0,0.0
0,0.0
0,0.0
0,0.0
0,0.0
0,0.0
0,0.0
0,0.0
0,0.0
0,0.0
0,0.0
0,0.0
0,0.0
0,0.0
0,0.0
0,0.0
0,0.0
0,0.0
0,0.0
0,0.0
0,0.0
0,0.0
0,0.0
0,0.0
0,0.0
0,0.0
0,0.0
0,0.0
0,0.0
0,0.0
0,0.0
0,0.0
0,0.0
0,0.0
0,0.0
0,0.0
0,0.0
0,0.0
0,0.0
0,0.0
0,0.0
0,0.0
0,0.0
0,0.0
0,0.0
0,0.0
0,0.0
0,0.0
0,0.0
0,0.0
0,0.0
0,0.0
0,0.0
0,0.0
0,0.0
0,0.0
0,0.0
0,0.0
0,0.0
0,0.0
0,0.0
0,0.0
0,0.0
0,0.0
0,0.0
0,0.0
0,0.0
0,0.0
0,0.0
0,0.0
0,0.0
0,0.0
0,0.0
0,0.0
0,0.0
0,0.0
0,0.0
0,0.0
0,0.0
0,0.0
0,0.0
0,0.0
0,0.0
0,0.0
0,0.0
0,0.0
0,0.0
0,0.0
0,0.0
0,0.0
0,0.0
0,0.0
0,0.0
0,0.0
0,0.0
0,0.0
0,0.0
0,0.0
0,0.0
0,0.0
0,0.0
0,0.0
0,0.0
0,0.0
0,0.0
0,0.0
0,0.0
0,0.0
0,0.0
0,135.0
0,0.0
0,0.0
0,0.0
0,0.0
0,0.0
0,0.0
0,0.0
0,0.0
0,0.0
0,0.0
0,0.0
0,0.0
0,0.0
0,0.0
161,112.0833333
162,208.0
163,209.99999999999997
164,59.75
165,181.0
165,0.0
166,66.25
167,64.5
168,54.49999999999999
169,113.0
170,442.6666667
171,144.5
172,174.0
173,152.0
174,54.49999999999999
175,45.00000000000001
176,29.000000000000004
177,96.15789474
178,53.5
179,61.00000000000001
180,8.25
181,105.5
182,165.0
183,108.0
184,37.12500000000001
185,127.0
186,54.5
187,63.99999999999999
187,0.0
187,0.0
188,102.25000000000001
189,34.0
190,30.000000000000004
191,41.0
192,37.0
193,36.00000000000001
194,78.71428571
195,100.33333330000002
196,96.00000000000001
197,89.0
198,46.37500000000001
199,31.75
200,9.333333333
201,49.0
202,10.42857143
203,43.0
204,19.42857143
205,24.71428571
206,140.99999999999997
207,139.0
208,72.35714286
209,40.5
209,0.0
210,71.0
211,39.0
212,54.0
213,56.33333333
214,62.5
215,165.0
216,183.0
217,189.5
218,128.0
219,73.0
220,307.0
221,71.0
222,24.999999999999996
223,61.0
223,0.0
224,20.0
225,18.0
226,157.75
227,159.0
228,82.0
229,153.0
230,36.0
231,85.5
232,89.75
233,53.0
234,48.0
235,48.00000000000001
236,15.333333329999999
237,26.333333329999995
238,27.0
239,15.66666667
240,56.19354839
241,86.125
242,114.3333333
243,132.5555556
244,112.5
245,101.3
245,0.0
246,4.733333333
247,72.71428571
248,63.590909090000004
249,12.46875
250,133.0
251,6.379310345000001
252,86.54545455
253,68.89655171999999
254,76.0
255,74.72727273
256,47.0
257,97.14285714
258,18.999999999999996
259,43.25
260,56.25
261,61.649122809999994
262,56.26086957
263,93.66666667
264,60.0
265,16.909090910000003
266,64.69565217
267,15.0
268,38.44444444
269,118.25
270,23.0
270,0.0
271,22.0
272,38.8
273,60.50000000000001
274,108.3636364
275,93.125
0,0.0
0,102.0
0,113.0
3,232.5
4,46.08333333
0,91.0
6,69.0
7,210.5
8,89.5
9,21.0
10,21.0
0,21.0
12,19.0
0,27.000000000000004
14,27.0
15,229.2
0,54.5
0,163.0
18,123.09090909999999
0,180.6666667
0,0.0
0,0.0
21,31.23076923
22,128.2
0,62.88461538
24,2.0
0,64.875
26,34.0
0,121.5
28,53.0
29,27.666666670000005
30,39.85714286
0,96.0
0,44.0
33,25.0
0,379.0
0,125.99999999999999
0,0.0
0,0.0
0,0.0
0,0.0
35,0.0
35,0.0
35,0.0
0,0.0
35,0.0
35,0.0
35,0.0
0,0.0
35,0.0
35,0.0
0,0.0
35,0.0
35,0.0
35,0.0
0,0.0
0,0.0
0,0.0
35,0.0
35,0.0
0,0.0
35,0.0
0,0.0
0,0.0
0,0.0
0,0.0
35,0.0
0,0.0
35,0.0
35,0.0
0,0.0
0,0.0
0,0.0
0,0.0
0,0.0
35,0.0
0,0.0
0,0.0
35,0.0
0,0.0
0,0.0
35,0.0
0,0.0
0,0.0
35,0.0
0,0.0
35,0.0
0,0.0
0,0.0
35,0.0
35,0.0
0,0.0
35,0.0
0,0.0
0,0.0
35,0.0
35,0.0
0,0.0
35,0.0
0,0.0
35,0.0
35,0.0
35,0.0
0,0.0
35,0.0
0,0.0
0,0.0
35,0.0
0,0.0
0,0.0
35,0.0
0,0.0
0,0.0
35,0.0
0,0.0
0,0.0
0,0.0
35,0.0
0,0.0
0,0.0
35,0.0
0,0.0
35,0.0
0,0.0
0,0.0
35,0.0
35,0.0
0,0.0
0,0.0
0,0.0
0,0.0
0,0.0
0,0.0
0,0.0
0,0.0
35,0.0
0,0.0
35,0.0
35,0.0
35,0.0
0,0.0
0,0.0
35,0.0
0,0.0
0,0.0
35,0.0
35,0.0
0,0.0
0,0.0
35,0.0
0,0.0
0,0.0
0,0.0
0,0.0
35,0.0
35,0.0
35,0.0
35,0.0
0,0.0
0,0.0
0,0.0
0,0.0
0,0.0
0,0.0
0,0.0
35,0.0
0,0.0
0,0.0
35,0.0
0,0.0
0,0.0
0,0.0
0,0.0
35,0.0
0,0.0
35,0.0
0,0.0
0,0.0
0,0.0
0,0.0
35,0.0
0,0.0
0,0.0
0,0.0
0,0.0
0,0.0
0,0.0
0,0.0
35,0.0
35,0.0
35,0.0
0,0.0
0,0.0
0,0.0
0,0.0
0,0.0
0,0.0
0,0.0
0,0.0
35,0.0
36,84.0
0,0.0
0,0.0
0,0.0
36,0.0
0,0.0
0,0.0
0,0.0
0,0.0
0,0.0
0,0.0
0,0.0
0,0.0
0,0.0
0,0.0
0,0.0
0,0.0
0,0.0
36,0.0
36,0.0
0,0.0
0,0.0
0,0.0
0,0.0
0,0.0
0,0.0
36,0.0
0,0.0
0,0.0
36,0.0
36,0.0
0,0.0
36,0.0
0,0.0
0,0.0
0,0.0
0,0.0
0,0.0
0,0.0
0,0.0
0,0.0
0,0.0
0,0.0
0,0.0
0,0.0
0,0.0
0,0.0
0,0.0
0,0.0
0,0.0
0,0.0
0,0.0
0,0.0
0,0.0
0,0.0
0,0.0
0,0.0
0,0.0
0,0.0
0,0.0
0,0.0
0,0.0
0,0.0
0,0.0
36,0.0
0,0.0
0,0.0
0,0.0
0,0.0
0,0.0
36,0.0
0,0.0
0,0.0
0,0.0
0,0.0
0,0.0
0,0.0
0,0.0
36,0.0
0,0.0
0,0.0
0,0.0
0,0.0
0,0.0
0,0.0
36,0.0
0,0.0
0,0.0
0,0.0
0,0.0
0,0.0
0,0.0
0,0.0
0,0.0
0,0.0
0,0.0
0,0.0
0,0.0
0,0.0
0,0.0
36,0.0
0,0.0
36,0.0
0,0.0
0,0.0
0,0.0
0,0.0
0,0.0
0,0.0
0,0.0
0,0.0
0,0.0
0,0.0
0,0.0
0,23.0
0,0.0
0,0.0
0,0.0
0,0.0
0,0.0
0,0.0
0,0.0
0,0.0
0,0.0
0,0.0
0,0.0
0,0.0
0,0.0
0,0.0
37,0.0
0,0.0
37,0.0
0,0.0
0,0.0
37,0.0
37,0.0
0,0.0
37,0.0
0,0.0
37,0.0
0,0.0
0,0.0
0,0.0
0,0.0
0,0.0
0,0.0
0,0.0
0,0.0
0,0.0
0,0.0
37,0.0
37,0.0
0,0.0
0,0.0
0,0.0
0,0.0
0,0.0
0,0.0
0,0.0
0,0.0
0,0.0
0,0.0
0,0.0
0,0.0
0,0.0
0,0.0
0,0.0
0,0.0
0,0.0
0,0.0
0,0.0
0,0.0
0,0.0
37,0.0
0,0.0
0,0.0
0,0.0
0,0.0
0,0.0
0,0.0
0,0.0
0,0.0
0,0.0
0,0.0
0,0.0
0,0.0
0,0.0
0,0.0
37,0.0
0,0.0
0,0.0
0,0.0
0,0.0
0,0.0
0,0.0
0,0.0
0,0.0
0,0.0
0,0.0
0,0.0
0,0.0
0,0.0
0,0.0
37,0.0
0,0.0
0,0.0
0,0.0
0,0.0
0,0.0
0,0.0
0,0.0
0,0.0
0,0.0
0,0.0
0,0.0
0,0.0
0,0.0
0,0.0
0,0.0
0,0.0
0,0.0
0,0.0
0,0.0
0,0.0
0,0.0
0,0.0
0,0.0
0,0.0
0,0.0
0,0.0
0,0.0
0,0.0
0,0.0
0,0.0
0,0.0
0,0.0
0,0.0
0,0.0
0,0.0
0,0.0
0,0.0
0,0.0
0,0.0
0,0.0
0,0.0
0,0.0
0,0.0
0,0.0
0,0.0
0,0.0
0,0.0
0,0.0
0,0.0
0,0.0
0,0.0
0,0.0
0,0.0
0,0.0
37,0.0
0,0.0
37,0.0
0,0.0
0,0.0
0,0.0
0,0.0
0,0.0
0,0.0
0,0.0
0,0.0
0,0.0
0,0.0
0,0.0
0,0.0
0,0.0
0,0.0
0,0.0
0,0.0
0,0.0
0,0.0
0,0.0
0,0.0
0,0.0
0,0.0
0,0.0
0,0.0
0,0.0
0,0.0
0,0.0
0,0.0
0,0.0
0,0.0
0,0.0
0,0.0
0,0.0
0,0.0
0,0.0
0,0.0
0,0.0
0,0.0
0,0.0
0,0.0
0,0.0
0,0.0
0,0.0
0,0.0
0,0.0
0,0.0
0,0.0
0,0.0
0,0.0
0,0.0
0,0.0
0,0.0
0,0.0
0,0.0
0,0.0
0,0.0
0,0.0
0,0.0
0,0.0
0,0.0
0,0.0
0,0.0
0,0.0
37,0.0
0,0.0
0,0.0
0,0.0
0,0.0
0,0.0
0,0.0
0,0.0
0,0.0
0,0.0
0,0.0
0,0.0
0,0.0
37,0.0
0,0.0
37,0.0
0,0.0
0,0.0
0,0.0
0,0.0
37,0.0
0,0.0
0,0.0
0,0.0
0,0.0
0,0.0
0,0.0
0,0.0
0,0.0
0,0.0
0,0.0
0,0.0
37,0.0
0,0.0
0,0.0
0,0.0
0,0.0
0,0.0
0,0.0
0,0.0
37,0.0
0,0.0
0,0.0
0,0.0
0,0.0
0,0.0
0,0.0
0,0.0
0,0.0
0,0.0
0,0.0
0,0.0
0,0.0
0,0.0
0,0.0
0,0.0
0,0.0
0,0.0
0,0.0
37,0.0
0,0.0
0,0.0
0,0.0
0,0.0
0,0.0
0,0.0
0,0.0
0,0.0
0,0.0
0,0.0
0,0.0
0,0.0
0,0.0
0,0.0
0,0.0
0,0.0
0,0.0
0,0.0
0,0.0
0,0.0
0,0.0
0,0.0
0,0.0
0,0.0
37,0.0
0,0.0
0,0.0
0,0.0
0,0.0
0,0.0
0,0.0
0,0.0
0,0.0
0,0.0
0,0.0
0,0.0
0,0.0
0,0.0
0,0.0
0,0.0
0,0.0
0,0.0
0,0.0
0,0.0
0,0.0
0,0.0
0,0.0
0,0.0
0,0.0
0,0.0
37,0.0
0,0.0
0,0.0
0,0.0
0,0.0
0,0.0
0,0.0
0,0.0
0,0.0
0,0.0
0,0.0
0,0.0
0,0.0
0,0.0
0,0.0
0,0.0
0,0.0
0,0.0
37,0.0
0,0.0
0,0.0
0,0.0
0,0.0
0,0.0
0,0.0
0,0.0
0,0.0
0,47.15384615
0,35.33333333
0,38.22222222
0,91.6
0,146.5
0,18.66666667
0,91.21428571
0,33.49999999999999
0,45.33333333
0,130.7916667
0,106.19999999999999
0,107.4
0,181.99999999999997
0,141.6
0,52.0
0,49.75000000000001
0,65.66666667
55,57.2
0,156.39999999999998
0,117.00000000000001
0,57.666666670000005
0,43.64179104
0,56.0
0,275.0
0,46.0
0,26.25
0,32.16666667
65,61.8
0,105.08333330000002
0,108.50000000000001
0,70.03846154
0,139.75
0,54.66666667
0,78.625
0,143.0
0,36.90909091
0,45.33333333
0,104.3092105
0,29.500000000000004
0,50.75000000000001
0,29.625000000000004
79,116.99999999999999
0,77.1
0,80.5
0,26.499999999999996
0,67.62463343
0,18.0
0,38.857142859999996
0,20.0
0,45.0
0,30.999999999999996
0,48.0
0,24.66666667
0,13.5
0,0.0
0,189.0
0,44.66666667
0,27.000000000000004
0,27.0
0,13.0
0,37.5
0,113.8
0,37.66666667
0,33.88888889
0,38.0
0,16.0
0,698.4999999999999
0,96.63636364
0,129.6666667
0,142.0
0,63.00000000000001
0,0.0
0,103.20000000000002
0,100.55555560000002
0,123.99999999999999
0,72.25
0,349.1666667
0,62.84090909
0,5.0
0,104.0
0,22.999999999999996
0,10.0
0,34.625
0,33.0
0,1003.0000000000001
0,78.0
0,69.4
0,20.5
0,42.4
0,65.0
0,25.400000000000002
0,19.0
0,144.3333333
0,45.4516129
0,135.1818182
0,25.88888889
0,26.000000000000004
0,29.636363639999995
0,211.80000000000004
0,28.000000000000004
0,33.0
0,130.7
0,20.0
0,37.53846154
0,55.33333333000001
0,46.400000000000006
0,82.00414938
0,46.0
0,176.2
0,141.9642857
0,322.0
0,0.0
0,367.00000000000006
0,197.8333333
0,97.99999999999999
0,15.0
0,80.33333333
0,121.99999999999999
0,118.99999999999999
0,111.8
0,6.666666667
0,42.75000000000001
0,157.0
0,60.99999999999999
0,69.0
0,82.66666667000001
0,145.6666667
0,178.4285714
0,188.6666667
0,61.20000000000001
0,68.16666667
0,79.99999999999999
0,92.5
0,53.33333333
0,28.25
0,59.0
0,110.62499999999999
0,23.44117647
0,151.7777778
0,54.0
0,33.33333333
0,81.0
0,38.0
0,16.0
0,79.11111111
0,149.6
0,64.51851852
0,26.66666667
0,61.15384614999999
0,217.0
0,142.0
0,123.0
0,41.0
0,159.5
0,198.99999999999997
0,193.5
0,9.25
0,35.642857140000004
0,37.82608696
0,205.0
0,188.99999999999997
0,250.0
0,80.85714286
0,108.00000000000001
0,21.81818182
0,121.0
0,55.50000000000001
0,43.03846154000001
0,44.0
0,21.000000000000004
0,42.93421053
0,36.49999999999999
0,60.99999999999999
0,73.9
0,41.5
0,89.0
0,272.0
0,133.4
0,127.00000000000001
0,281.0
0,19.0
0,65.55319149
0,30.666666669999998
0,18.75
0,64.0
0,29.6
0,99.0
0,127.00000000000001
0,185.5
0,121.5
0,106.25
0,56.0
0,53.5
0,187.99999999999997
0,115.5
0,0.0
0,81.75
0,63.00000000000001
0,93.19999999999999
0,152.0
0,179.99999999999997
0,135.0
0,44.0
0,17.0
0,47.0
0,57.5
0,24.0
0,16.0
0,206.0
0,67.33333333
0,87.25
0,0.0
0,208.0
0,157.0
0,115.6666667
0,19.0
249,112.08333329999999
250,208.00000000000003
251,210.0
252,59.75
253,181.0
253,0.0
254,66.25
255,64.5
256,54.5
257,112.99999999999999
258,442.6666667
259,144.5
260,174.00000000000003
261,152.0
262,54.5
263,45.00000000000001
264,29.0
265,96.15789474
266,53.5
267,61.0
268,8.25
269,105.50000000000001
270,164.99999999999997
271,108.00000000000001
272,37.125
273,126.99999999999999
274,54.5
275,64.0
275,0.0
276,56.89999999999999
277,102.25000000000001
278,34.0
279,29.999999999999996
280,41.0
281,37.0
282,36.00000000000001
283,78.71428571
284,100.33333330000002
285,96.0
286,89.0
287,46.37499999999999
288,31.75
289,9.333333333
290,49.0
291,10.428571429999998
292,43.0
293,19.42857143
294,24.71428571
295,141.0
296,139.0
297,72.35714286
298,40.5
298,0.0
299,71.0
300,39.0
301,53.99999999999999
302,56.33333333
303,62.5
304,165.0
305,183.0
306,189.5
307,128.0
308,73.0
309,307.0
310,70.99999999999999
311,25.0
312,61.0
313,58.00000000000001
314,20.0
315,18.0
316,157.75
317,159.0
318,82.0
319,152.99999999999997
320,36.0
321,85.49999999999999
322,89.75
323,53.0
324,48.0
325,48.00000000000001
326,15.333333330000002
327,26.333333329999995
328,26.999999999999996
329,15.66666667
330,56.19354839
331,86.125
332,114.3333333
333,132.5555556
334,112.5
335,101.3
335,0.0
336,4.733333333
336,0.0
337,63.59090908999999
338,12.468750000000002
339,133.0
340,6.379310345
341,86.54545455
342,68.89655172
343,76.0
344,74.72727273
345,47.0
346,97.14285713999999
347,19.0
348,43.25
349,56.25000000000001
350,61.64912281
351,56.26086957
352,93.66666666999998
353,59.99999999999999
354,16.90909091
355,64.69565217000002
356,15.0
357,38.44444444
358,118.25
359,23.0
359,0.0
360,22.0
361,38.8
362,60.50000000000001
363,108.3636364
364,93.12500000000001
0,0.0
0,102.0
0,113.0
3,232.5
4,46.08333333
0,91.0
6,69.0
7,210.5
8,89.5
9,21.0
10,21.0
0,21.0
12,19.0
0,27.000000000000004
14,27.0
15,229.2
0,54.5
0,163.0
18,123.09090909999999
0,0.0
0,0.0
0,53.0
21,31.23076923
22,128.2
0,62.88461538
24,2.0
0,64.875
26,34.0
0,121.5
28,53.0
29,27.666666670000005
30,39.85714286
0,96.0
0,44.0
33,25.0
0,379.0
0,125.99999999999999
0,0.0
0,50.0
0,107.00000000000001
0,43.74825175
39,46.28571429
40,32.0
41,45.33333333
0,77.0
43,109.8571429
44,103.6666667
45,38.66666667
0,72.0
47,61.49999999999999
48,52.7
0,31.0
50,132.0
51,38.0
52,8.0
0,11.18181818
0,0.0
0,118.46666670000002
56,22.0
57,39.0
0,273.3333333
59,38.0
0,13.66666667
0,215.0
0,216.0
0,113.0
64,29.0
0,272.0
66,23.0
67,219.99999999999997
0,448.00000000000006
0,595.0
0,604.0
0,350.00000000000006
0,27.0
73,19.0
0,16.75
0,0.0
75,240.0
0,181.8
0,85.5
78,139.0
0,174.00000000000003
0,348.0
81,34.875
0,40.5
83,84.66666667
0,207.66666670000004
0,52.16666667
86,56.800000000000004
86,0.0
0,0.0
86,0.0
0,0.0
0,0.0
86,0.0
86,0.0
0,0.0
86,0.0
0,0.0
86,0.0
86,0.0
86,0.0
0,0.0
86,0.0
0,0.0
0,0.0
86,0.0
0,0.0
0,0.0
86,0.0
0,0.0
0,0.0
86,0.0
0,0.0
0,0.0
0,0.0
86,0.0
0,0.0
0,0.0
86,0.0
0,0.0
86,0.0
0,0.0
0,0.0
86,0.0
86,0.0
0,0.0
0,0.0
0,0.0
0,0.0
0,0.0
0,0.0
0,0.0
0,0.0
86,0.0
0,0.0
86,0.0
86,0.0
86,0.0
0,0.0
0,0.0
86,0.0
0,0.0
0,0.0
86,0.0
86,0.0
0,0.0
0,0.0
86,0.0
0,0.0
0,0.0
0,0.0
0,0.0
86,0.0
86,0.0
86,0.0
86,0.0
0,0.0
0,0.0
0,0.0
0,0.0
0,0.0
0,0.0
0,0.0
86,0.0
0,0.0
0,0.0
86,0.0
0,0.0
0,0.0
0,0.0
0,0.0
86,0.0
0,0.0
86,0.0
0,0.0
0,0.0
0,0.0
0,0.0
86,0.0
0,0.0
0,0.0
0,0.0
0,0.0
0,0.0
0,0.0
0,0.0
86,0.0
86,0.0
86,0.0
0,0.0
0,0.0
0,0.0
0,0.0
0,0.0
0,0.0
0,0.0
0,0.0
86,0.0
86,0.0
0,0.0
0,0.0
0,0.0
86,0.0
0,0.0
0,0.0
0,0.0
0,0.0
0,0.0
0,0.0
0,0.0
0,0.0
0,0.0
0,0.0
0,0.0
0,0.0
0,0.0
86,0.0
86,0.0
0,0.0
0,0.0
0,0.0
0,0.0
0,0.0
0,0.0
86,0.0
0,0.0
0,0.0
86,0.0
86,0.0
0,0.0
86,0.0
0,0.0
0,0.0
0,0.0
0,0.0
0,0.0
0,0.0
0,0.0
0,0.0
0,0.0
0,0.0
0,0.0
0,0.0
0,0.0
0,0.0
0,0.0
0,0.0
0,0.0
0,0.0
0,0.0
0,0.0
0,0.0
0,0.0
0,0.0
0,0.0
0,0.0
0,0.0
0,0.0
0,0.0
0,0.0
0,0.0
0,0.0
86,0.0
0,0.0
0,0.0
0,0.0
0,0.0
0,0.0
86,0.0
0,0.0
0,0.0
0,0.0
0,0.0
0,0.0
0,0.0
0,0.0
86,0.0
0,0.0
0,0.0
0,0.0
0,0.0
0,0.0
0,13.75
87,0.0
0,0.0
0,0.0
0,0.0
0,0.0
0,0.0
0,0.0
0,0.0
0,0.0
0,0.0
0,0.0
0,0.0
0,0.0
0,0.0
0,0.0
87,0.0
0,0.0
87,0.0
0,0.0
0,0.0
0,0.0
0,0.0
0,0.0
0,0.0
0,0.0
0,0.0
0,0.0
0,0.0
0,0.0
0,0.0
0,0.0
0,0.0
0,0.0
0,0.0
0,0.0
0,0.0
0,0.0
0,0.0
0,0.0
0,0.0
0,0.0
0,0.0
0,0.0
0,0.0
87,0.0
0,0.0
87,0.0
0,0.0
0,0.0
87,0.0
87,0.0
0,0.0
87,0.0
0,0.0
87,0.0
0,0.0
0,0.0
0,0.0
0,0.0
0,0.0
0,0.0
0,0.0
0,0.0
0,0.0
0,0.0
87,0.0
87,0.0
0,0.0
0,0.0
0,0.0
0,0.0
0,0.0
0,0.0
0,0.0
0,0.0
0,0.0
0,0.0
0,0.0
0,0.0
0,0.0
0,0.0
0,0.0
0,0.0
0,0.0
0,0.0
0,0.0
0,0.0
0,0.0
87,0.0
0,0.0
0,0.0
0,0.0
0,0.0
0,0.0
0,0.0
0,0.0
0,0.0
0,0.0
0,0.0
0,0.0
0,0.0
0,0.0
0,0.0
87,0.0
0,0.0
0,0.0
0,0.0
0,0.0
0,0.0
0,0.0
0,0.0
0,0.0
0,0.0
0,0.0
0,0.0
0,0.0
0,0.0
0,0.0
87,0.0
0,0.0
0,0.0
0,0.0
0,0.0
0,0.0
0,0.0
0,0.0
0,0.0
0,0.0
0,0.0
0,0.0
0,0.0
0,0.0
0,0.0
0,0.0
0,0.0
0,0.0
0,0.0
0,0.0
0,0.0
0,0.0
0,0.0
0,0.0
0,0.0
0,0.0
0,0.0
0,0.0
0,0.0
0,0.0
0,0.0
0,0.0
0,0.0
0,0.0
0,0.0
0,0.0
0,0.0
0,0.0
0,0.0
0,0.0
0,0.0
0,0.0
0,0.0
0,0.0
0,0.0
0,0.0
0,0.0
0,0.0
0,0.0
0,0.0
0,0.0
0,0.0
0,0.0
0,0.0
0,0.0
87,0.0
0,0.0
87,0.0
0,0.0
0,0.0
0,0.0
0,0.0
0,0.0
0,0.0
0,0.0
0,0.0
0,0.0
0,0.0
0,0.0
0,0.0
0,0.0
0,0.0
0,0.0
0,0.0
0,0.0
0,0.0
0,0.0
0,0.0
0,0.0
0,0.0
0,0.0
0,0.0
0,0.0
0,0.0
0,0.0
0,0.0
0,0.0
0,0.0
0,0.0
0,0.0
0,0.0
0,0.0
0,0.0
0,0.0
0,0.0
0,0.0
0,0.0
0,0.0
0,0.0
0,0.0
0,0.0
0,0.0
0,0.0
0,0.0
0,0.0
0,0.0
0,0.0
0,0.0
0,0.0
0,0.0
0,0.0
0,0.0
0,0.0
0,0.0
0,0.0
0,0.0
0,0.0
0,0.0
0,0.0
0,0.0
0,0.0
87,0.0
0,0.0
0,0.0
0,0.0
0,0.0
0,0.0
0,0.0
0,0.0
0,0.0
0,0.0
0,0.0
0,0.0
0,0.0
87,0.0
0,0.0
87,0.0
0,0.0
0,0.0
0,0.0
0,0.0
87,0.0
0,0.0
0,0.0
0,0.0
0,0.0
0,0.0
0,0.0
0,0.0
0,0.0
0,0.0
0,0.0
0,0.0
87,0.0
0,0.0
0,0.0
0,0.0
0,0.0
0,0.0
0,0.0
0,0.0
87,0.0
0,0.0
0,0.0
0,0.0
0,0.0
0,0.0
0,0.0
0,0.0
0,0.0
0,0.0
0,0.0
0,0.0
0,0.0
0,0.0
0,0.0
0,0.0
0,0.0
0,0.0
0,0.0
87,0.0
0,0.0
0,0.0
0,0.0
0,0.0
0,0.0
0,0.0
0,0.0
0,0.0
0,0.0
0,0.0
0,0.0
0,0.0
0,0.0
0,0.0
0,0.0
0,0.0
0,0.0
0,0.0
0,0.0
0,0.0
0,0.0
0,0.0
0,0.0
0,0.0
87,0.0
0,0.0
0,0.0
0,0.0
0,0.0
0,0.0
0,0.0
0,0.0
0,0.0
0,0.0
0,0.0
0,0.0
0,0.0
0,0.0
0,0.0
0,0.0
0,0.0
0,0.0
0,0.0
0,0.0
0,0.0
0,0.0
0,99.01265823
0,31.719999999999995
0,109.5066667
0,0.0
91,181.50000000000003
0,33.0
0,115.44827590000001
0,34.0
0,17.66666667
0,101.0930233
0,7.5
0,32.9
0,122.0
0,37.88888889
0,38.4
0,0.0
0,71.69230769
0,264.0
0,259.0
0,104.50000000000001
0,10.999999999999998
0,0.0
107,66.88888889
0,48.93333333
0,49.0
0,76.72727273
0,93.83333333
0,198.00000000000003
0,99.78465347
0,129.43617019999996
0,75.6
0,47.15384614999999
0,35.33333333
0,38.22222222
0,91.60000000000001
0,146.5
0,18.66666667
0,91.21428571
0,33.5
0,45.33333333
0,130.7916667
0,106.2
0,107.4
0,182.0
0,141.6
0,52.0
0,49.75
0,65.66666667
133,57.2
0,156.4
0,117.0
0,57.66666667
0,43.64179104
0,55.99999999999999
0,275.0
0,46.0
0,26.250000000000004
0,32.166666670000005
143,61.79999999999999
0,105.0833333
0,108.50000000000001
0,70.03846154
0,139.75
0,54.66666667
0,78.625
0,143.0
0,36.90909091
0,45.33333333
0,104.3092105
0,29.499999999999996
0,50.75000000000001
0,29.625000000000004
157,117.00000000000001
0,77.1
0,80.5
0,26.5
0,67.62463343
0,18.0
0,38.85714286
0,20.000000000000004
0,45.00000000000001
0,31.000000000000004
0,48.0
0,24.66666667
0,13.499999999999998
0,82.625
0,188.99999999999997
0,44.66666667
0,27.0
0,27.0
0,13.0
0,37.5
0,113.8
0,37.66666667
0,33.88888889
0,38.00000000000001
0,16.0
0,698.5
0,96.63636364
0,129.6666667
0,142.0
0,62.99999999999999
0,0.0
0,103.2
0,100.55555559999999
0,124.0
0,72.25
0,349.1666667
0,62.84090909
0,5.0
0,104.0
0,23.000000000000004
0,9.999999999999998
0,34.625
0,33.0
0,1003.0
0,77.99999999999999
0,69.4
0,20.5
0,42.4
0,65.0
0,25.4
0,18.999999999999996
0,144.3333333
0,45.4516129
0,135.1818182
0,25.88888889
0,26.000000000000004
0,29.63636364
0,211.8
0,27.999999999999996
0,33.0
0,130.7
0,20.0
0,37.53846154
0,55.33333333000001
0,46.4
0,82.00414938
0,46.0
0,176.2
0,141.9642857
0,322.0
0,365.0
0,367.0
0,197.83333329999996
0,98.00000000000001
0,15.0
0,80.33333333
0,122.0
0,119.0
0,111.8
0,6.666666667
0,42.75000000000001
0,156.99999999999997
0,61.00000000000001
0,69.00000000000001
0,82.66666667
0,145.66666669999998
0,178.4285714
0,188.66666670000004
0,61.20000000000001
0,68.16666667
0,80.0
0,92.50000000000001
0,53.33333333
0,28.25
0,0.0
0,110.625
0,23.44117647
0,151.77777779999997
0,54.00000000000001
0,33.33333333
0,81.0
0,38.0
0,16.0
0,79.11111111
0,149.6
0,64.51851852
0,26.666666669999998
0,61.15384614999999
0,217.00000000000003
0,142.0
0,123.0
0,41.0
0,159.5
0,199.0
0,193.49999999999997
0,9.25
0,35.64285714
0,37.82608696
0,205.0
0,189.0
0,250.0
0,80.85714286
0,108.0
0,21.81818182
0,121.0
0,55.5
0,43.03846154
0,44.0
0,21.0
0,42.93421053
0,36.5
0,61.0
0,73.9
0,41.5
0,89.0
0,272.0
0,133.4
0,127.0
0,281.0
0,19.0
0,65.55319149
0,30.66666667
0,18.75
0,64.0
0,29.6
0,99.0
0,127.00000000000001
0,185.5
0,121.5
0,106.25
0,56.00000000000001
0,53.5
0,187.99999999999997
0,115.5
0,30.0
0,81.75
0,63.0
0,93.20000000000002
0,152.0
0,180.0
0,135.0
0,44.0
0,17.0
0,47.0
0,57.5
0,24.0
0,16.0
0,206.0
0,67.33333332999999
0,87.24999999999999
0,65.5
0,0.0
0,157.0
0,115.66666669999998
0,19.0
329,112.0833333
330,208.00000000000003
331,210.00000000000003
332,59.75
333,181.0
334,106.6666667
335,66.25
336,64.5
337,54.5
338,113.0
339,442.6666667
340,144.5
341,174.0
342,152.0
343,54.5
344,44.99999999999999
345,29.000000000000004
346,96.15789474
347,53.50000000000001
348,61.0
349,8.25
350,105.5
351,164.99999999999997
352,108.0
353,37.125
354,127.00000000000001
355,54.50000000000001
356,64.0
357,40.0
358,56.89999999999999
359,102.25000000000001
360,34.0
361,30.0
362,40.99999999999999
363,37.0
364,36.0
365,78.71428570999998
366,100.3333333
367,96.00000000000001
368,89.0
369,46.375
370,31.75
371,9.333333332999999
372,49.0
373,10.42857143
374,43.0
375,19.42857143
376,24.71428571
377,141.0
378,139.0
379,72.35714286
380,40.49999999999999
381,55.33333333000001
382,71.0
383,39.0
384,54.0
385,56.333333329999995
386,62.5
387,165.0
388,183.0
389,189.50000000000003
390,128.0
391,73.00000000000001
392,307.0
393,71.0
394,25.0
395,60.99999999999999
396,58.0
397,19.999999999999996
398,18.0
399,157.75
400,159.0
401,81.99999999999999
402,153.0
403,36.0
404,85.5
405,89.75
406,53.0
407,48.0
408,48.0
409,15.33333333
410,26.33333333
411,27.0
412,15.666666669999998
413,56.19354839
414,86.12499999999999
415,114.3333333
416,132.5555556
417,112.5
418,101.3
419,74.0
420,4.733333333000001
421,72.71428571
422,63.59090909
423,12.46875
424,133.0
425,6.379310345000001
426,86.54545455
427,68.89655172
428,76.0
428,0.0
429,47.0
430,97.14285714
431,19.0
432,43.25
433,56.25
434,61.649122809999994
435,56.26086957
436,93.66666666999998
437,60.0
438,16.90909091
439,64.69565217
440,15.000000000000002
441,38.44444444
442,118.25
443,23.000000000000004
444,144.5
445,22.0
446,38.8
447,60.49999999999999
448,108.36363639999999
449,93.12499999999999
0,0.0
0,102.0
0,113.0
3,232.5
4,46.08333333
0,91.0
6,69.0
7,210.5
8,89.5
9,21.0
10,21.0
0,21.0
12,19.0
0,27.000000000000004
14,27.0
15,229.2
0,54.5
0,163.0
18,123.09090909999999
0,180.6666667
0,0.0
0,53.0
22,31.230769229999996
23,128.2
0,62.88461538
25,2.0
0,64.875
27,34.0
0,121.5
29,53.0
30,27.66666667
31,39.85714286
0,96.0
0,44.0
34,24.999999999999996
0,379.0
0,126.0
0,168.0
0,50.0
0,107.0
0,43.748251749999994
41,46.28571429000001
42,32.0
43,45.33333333000001
0,77.0
45,109.8571429
46,103.6666667
47,38.66666667
0,72.0
49,61.5
50,52.7
0,30.999999999999996
52,132.00000000000003
53,38.0
54,8.0
0,11.18181818
0,0.0
0,118.4666667
58,22.000000000000004
59,39.0
0,273.3333333
61,37.99999999999999
0,13.66666667
0,215.0
0,216.0
0,113.0
66,29.0
0,272.0
68,23.0
69,220.0
0,448.0
0,594.9999999999999
0,604.0
0,350.0
0,27.0
75,19.0
0,16.75
0,42.00000000000001
78,239.99999999999997
0,181.8
0,85.5
81,139.0
0,174.0
0,348.00000000000006
84,34.875
0,40.5
86,84.66666667
0,207.66666670000004
0,52.16666667
89,56.800000000000004
90,0.0
0,3.0
92,12.0
0,108.66666669999998
0,67.71428571
95,30.428571430000005
96,6.75
0,62.99999999999999
98,139.0
0,0.0
100,0.0
101,17.0
102,28.5
0,0.0
104,106.99999999999999
0,30.0
0,36.0
107,122.00000000000001
0,26.0
0,0.0
110,25.0
0,19.18181818
0,7.0
113,29.599999999999998
0,11.000000000000002
0,13.0
0,6.999999999999999
117,58.5
0,83.0
0,44.0
120,96.0
0,26.999999999999996
122,66.33333333
0,65.19999999999999
0,0.0
125,59.0
126,220.25
0,25.13333333
0,18.75
0,31.166666670000005
0,36.16666667
0,286.3333333
0,313.0
0,339.00000000000006
0,235.50000000000003
135,221.66666670000004
0,82.66666667
137,178.5
138,128.0
139,150.0
0,133.0
0,235.0
142,0.0
0,0.0
0,5.857142857
145,8.0
146,10.875000000000002
0,2.0
0,22.66666667
149,27.600000000000005
0,18.0
0,23.999999999999996
0,74.66666666999998
0,42.5
154,59.77777778
155,51.0
156,27.71428571
157,42.84615385
0,62.0
0,27.2
0,31.25
0,46.6
0,26.818181819999996
0,44.0
0,11.666666670000001
165,36.0
0,27.5
0,38.33333333
168,42.5
0,7.000000000000001
0,126.60000000000001
0,12.0
0,0.0
173,110.99999999999999
0,90.0
175,74.0
0,0.0
0,97.00000000000001
0,0.0
0,0.0
180,12.999999999999998
0,0.0
0,0.0
0,0.0
0,0.0
0,0.0
0,0.0
0,0.0
187,59.5
188,0.0
189,0.0
0,77.0
0,0.0
0,0.0
0,0.0
0,177.0
0,0.0
0,50.16666667
0,0.0
196,30.0
197,84.0
0,0.0
0,0.0
0,0.0
201,0.0
0,0.0
0,0.0
0,0.0
0,0.0
0,0.0
0,54.0
0,52.0
0,56.0
0,0.0
0,0.0
0,9.0
0,39.0
0,9.0
215,43.47368421
216,12.0
0,12.0
0,0.0
0,10.000000000000002
0,0.0
0,8.999999999999998
0,0.0
223,61.50000000000001
0,0.0
0,12.0
226,12.000000000000002
227,0.0
0,0.0
229,119.0
0,46.53333333
0,0.0
0,11.000000000000002
0,45.0
0,0.0
0,36.99999999999999
0,0.0
0,34.0
0,39.0
0,86.2
0,0.0
0,27.18181818
0,24.500000000000004
0,11.0
0,10.999999999999998
0,70.96551724000001
0,0.0
0,38.0
0,39.0
0,11.0
0,60.50000000000001
0,83.00000000000001
0,95.00000000000001
0,94.0
0,8.166666667
0,12.0
0,92.5
0,135.5
0,148.0
0,148.0
0,205.0
261,121.75
0,0.0
0,0.0
0,104.00000000000001
0,70.5
0,72.0
267,0.0
0,32.0
0,20.0
0,30.0
0,27.181818179999997
0,28.55555556
0,45.66666667
0,40.50000000000001
275,45.62499999999999
0,168.79999999999998
0,0.0
0,44.0
0,17.0
0,17.0
0,13.749999999999998
282,51.0
0,32.5
0,32.0
0,15.33333333
0,9.400000000000002
0,17.749999999999996
0,0.0
0,89.0
0,88.0
0,110.6666667
0,0.0
0,20.0
0,23.999999999999996
0,25.0
0,21.0
297,43.0
0,14.999999999999998
299,162.0
0,70.5
0,34.0
0,31.444444440000005
0,100.3333333
0,24.000000000000004
0,5.999999999999999
0,190.25
0,21.33333333
0,195.00000000000003
0,49.0
0,40.5
0,23.0
0,97.33333333000002
0,152.0
0,130.0
0,106.99999999999999
0,16.0
0,7.000000000000001
0,68.0
0,34.66666667
0,198.49999999999997
0,35.00000000000001
0,38.00000000000001
0,50.0
0,57.0
0,28.999999999999996
326,130.71428569999998
0,27.0
328,204.0
0,0.0
0,305.5714286
331,39.0
332,63.0
0,162.0
334,160.0
0,90.75
336,211.5
0,106.99999999999999
0,979.9999999999999
0,180.5
0,75.25
0,48.99999999999999
0,180.99999999999997
0,18.66666667
0,34.0
0,134.0
0,110.99999999999999
347,69.0
348,50.0
0,153.0
0,103.00000000000001
0,146.0
0,48.99999999999999
0,81.35
0,278.0
0,144.0
0,75.0
0,29.999999999999996
0,178.25
0,80.99999999999999
0,152.00000000000003
0,236.00000000000003
0,108.0
0,27.4
0,73.0
0,49.0
0,104.0
0,64.5
0,6.0
0,7.0
370,29.0
0,0.0
0,17.0
0,29.0
0,43.0
0,20.3
0,8.0
0,9.0
0,19.66666667
0,15.5
0,9.0
0,56.57142857000001
0,8.25
0,19.5
0,20.0
383,0.0
0,0.0
0,0.0
0,0.0
0,0.0
0,0.0
0,0.0
0,0.0
0,0.0
0,0.0
0,0.0
0,0.0
0,0.0
0,0.0
0,0.0
383,0.0
0,0.0
0,0.0
0,0.0
0,0.0
0,0.0
0,0.0
0,0.0
0,0.0
0,0.0
0,0.0
0,0.0
0,0.0
0,0.0
0,0.0
0,0.0
0,0.0
0,0.0
0,0.0
0,0.0
0,0.0
0,0.0
0,0.0
0,0.0
0,0.0
0,0.0
0,0.0
0,0.0
0,0.0
0,0.0
0,0.0
0,0.0
0,0.0
0,0.0
0,0.0
0,269.0
0,0.0
0,0.0
0,0.0
0,0.0
0,0.0
0,0.0
0,0.0
0,0.0
0,0.0
0,0.0
0,0.0
0,0.0
0,0.0
0,384.00000000000006
0,0.0
0,0.0
0,0.0
0,0.0
0,0.0
386,0.0
0,0.0
386,0.0
0,0.0
0,0.0
0,0.0
0,0.0
0,0.0
0,0.0
0,0.0
0,0.0
0,0.0
0,0.0
0,0.0
0,0.0
0,0.0
0,0.0
0,0.0
0,0.0
0,0.0
0,0.0
0,0.0
0,0.0
0,0.0
0,0.0
0,0.0
0,0.0
0,0.0
0,0.0
0,0.0
0,0.0
0,0.0
0,0.0
0,0.0
0,0.0
0,0.0
0,0.0
0,0.0
0,0.0
0,0.0
0,0.0
0,0.0
0,804.0
0,0.0
0,0.0
0,57.5
0,0.0
0,0.0
0,0.0
0,0.0
0,0.0
0,0.0
0,0.0
0,0.0
0,0.0
0,0.0
0,0.0
0,0.0
0,0.0
0,0.0
0,0.0
0,0.0
0,0.0
0,0.0
0,0.0
0,38.33333333
389,0.0
0,0.0
0,0.0
0,0.0
0,0.0
0,0.0
0,0.0
0,0.0
0,0.0
0,0.0
0,0.0
0,0.0
0,0.0
389,0.0
0,0.0
389,0.0
0,0.0
0,0.0
0,0.0
0,0.0
389,0.0
0,0.0
0,0.0
0,0.0
0,0.0
0,0.0
0,0.0
0,0.0
0,0.0
0,0.0
0,0.0
0,0.0
389,0.0
0,0.0
0,0.0
0,0.0
0,0.0
0,0.0
0,0.0
0,0.0
389,0.0
0,0.0
0,0.0
0,0.0
0,0.0
0,0.0
0,0.0
0,0.0
0,0.0
0,0.0
0,0.0
0,0.0
0,0.0
0,0.0
0,0.0
0,0.0
0,0.0
0,0.0
0,0.0
389,0.0
0,0.0
0,0.0
0,0.0
0,0.0
0,0.0
0,74.33333333
0,74.38888889000002
0,58.0
0,70.0
0,66.3
0,92.0
0,131.0
0,34.66666667
0,44.0
0,66.0
0,169.5
0,52.99999999999999
0,147.0
0,116.5
0,30.0
0,260.5
0,177.57142860000002
0,285.8571429
0,115.0
409,123.25
0,143.0
0,283.0
0,357.0
0,201.1666667
0,120.0
0,110.5
0,117.7142857
0,231.0
0,135.0
0,119.2
0,154.0
0,214.0
0,602.0
0,325.0
0,649.0
0,0.0
0,25.5
0,19.09090909
0,51.0
0,56.93023255999999
0,115.83333329999999
0,99.01265823
0,31.72
0,109.5066667
0,82.875
434,181.5
0,33.0
0,115.4482759
0,34.0
0,17.66666667
0,101.0930233
0,7.500000000000001
0,32.9
0,122.00000000000001
0,37.88888889
0,38.400000000000006
0,70.14285714
0,71.69230769
0,264.0
0,259.0
0,104.49999999999999
0,11.0
0,103.5
452,66.88888889
0,48.933333329999996
0,49.0
0,76.72727273
0,93.83333333
0,198.0
0,99.78465347
0,129.4361702
0,75.6
0,47.15384614999999
0,35.33333333
0,38.22222222
0,91.6
0,146.5
0,18.66666667
0,0.0
0,33.5
0,45.33333333
0,130.7916667
0,106.2
0,107.4
0,182.0
0,141.6
0,52.0
0,49.75000000000001
0,65.66666667
477,57.2
0,156.4
0,117.00000000000001
0,57.66666666999999
0,43.64179104
0,55.99999999999999
0,275.0
0,45.99999999999999
0,26.25
0,32.16666667
487,61.8
0,105.08333330000002
0,108.5
0,70.03846154
0,139.75
0,54.666666670000005
0,78.625
0,143.0
0,36.90909091
0,45.33333333
0,104.3092105
0,29.499999999999996
0,50.75
0,29.625
501,117.0
0,77.1
0,80.50000000000001
0,26.5
0,67.62463343
0,18.0
0,38.85714286
0,20.0
0,44.99999999999999
0,30.999999999999996
0,48.0
0,24.66666667
0,13.5
0,82.62499999999999
0,189.0
0,44.666666670000005
0,27.0
0,26.999999999999996
0,13.000000000000002
0,37.5
0,113.79999999999998
0,37.66666667
0,33.88888889
0,38.00000000000001
0,16.0
0,698.5
0,96.63636363999998
0,129.6666667
0,142.0
0,63.0
0,76.5
0,103.2
0,100.55555559999999
0,123.99999999999999
0,72.25
0,349.1666667
0,62.840909090000004
0,5.0
0,104.0
0,23.0
0,9.999999999999998
0,34.625
0,33.0
0,1003.0
0,78.0
0,69.4
0,20.5
0,42.4
0,65.0
0,25.4
0,19.0
0,144.3333333
0,45.45161290000001
0,135.1818182
0,25.88888889
0,26.0
0,29.636363640000003
0,211.80000000000004
0,27.999999999999996
0,33.0
0,130.7
0,19.999999999999996
0,37.53846154
0,55.33333333
0,46.39999999999999
0,82.00414938
0,46.00000000000001
0,176.2
0,141.9642857
0,322.0
0,365.00000000000006
0,367.00000000000006
0,197.8333333
0,98.00000000000001
0,15.0
0,80.33333333
0,122.00000000000001
0,119.00000000000001
0,111.8
0,6.666666666999999
0,42.74999999999999
0,157.0
0,60.99999999999999
0,69.0
0,82.66666667
0,145.6666667
0,178.4285714
0,188.6666667
0,61.199999999999996
0,68.16666667
0,80.0
0,92.5
0,53.333333329999995
0,28.250000000000004
0,59.0
0,110.625
0,23.44117647
0,151.7777778
0,53.99999999999999
0,33.333333329999995
0,81.0
0,38.0
0,16.0
0,79.11111111
0,149.6
0,64.51851852
0,26.66666667
0,61.15384615
0,216.99999999999997
0,142.0
0,123.0
0,41.0
0,159.50000000000003
0,199.00000000000003
0,193.5
0,9.25
0,35.64285714
0,37.82608696
0,205.0
0,188.99999999999997
0,250.0
0,80.85714286
0,108.00000000000001
0,21.818181820000003
0,121.0
0,55.5
0,43.03846154
0,44.0
0,21.0
0,42.93421053000001
0,36.5
0,0.0
0,73.9
0,41.50000000000001
0,88.99999999999999
0,272.0
0,133.4
0,127.0
0,281.0
0,19.0
0,65.55319149
0,30.66666667
0,18.75
0,64.0
0,29.600000000000005
0,98.99999999999999
0,127.0
0,185.49999999999997
0,121.5
0,106.25
0,56.0
0,53.5
0,188.0
0,115.5
0,29.999999999999996
0,81.75
0,63.0
0,93.2
0,152.00000000000003
0,180.00000000000003
0,135.0
0,44.0
0,17.0
0,47.0
0,57.49999999999999
0,24.0
0,16.0
0,205.99999999999997
0,67.33333333
0,87.25
0,65.5
0,208.0
0,157.0
0,115.6666667
0,19.0
675,112.08333329999999
676,208.0
677,210.0
678,59.75000000000001
679,181.0
679,0.0
680,66.25
681,64.5
682,54.5
683,113.0
684,442.66666669999995
685,144.5
686,174.0
687,152.0
688,54.5
689,45.0
690,29.000000000000004
691,96.15789474000002
692,53.5
693,60.99999999999999
694,8.25
695,105.49999999999999
696,165.00000000000003
697,108.00000000000001
698,37.125
699,126.99999999999999
700,54.5
701,64.0
702,40.0
703,56.89999999999999
704,102.25
705,34.0
706,29.999999999999996
707,41.0
708,37.0
709,36.0
710,78.71428571
711,100.3333333
712,96.0
713,89.00000000000001
714,46.37500000000001
715,31.75
716,9.333333333
717,49.0
718,10.42857143
719,43.0
720,19.428571429999998
721,24.714285709999995
722,141.0
723,139.0
724,72.35714286
725,40.5
726,55.33333333000001
727,71.0
728,39.0
729,54.0
730,56.33333333000001
731,62.50000000000001
732,165.0
733,183.0
734,189.5
735,127.99999999999999
736,73.00000000000001
737,307.0
738,71.00000000000001
739,25.0
740,61.0
741,58.0
742,20.0
743,18.0
744,157.75
745,159.00000000000003
746,82.0
747,153.0
748,36.0
749,85.5
750,89.75
751,53.0
752,48.00000000000001
753,48.0
754,15.33333333
755,26.33333333
756,27.0
757,15.66666667
758,56.19354839
759,86.125
760,114.3333333
761,132.5555556
762,112.49999999999999
763,101.3
763,0.0
764,4.733333333
765,72.71428571000001
766,63.59090909
767,12.468750000000002
768,133.0
769,6.379310345000001
770,86.54545455000002
771,68.89655172
771,0.0
772,74.72727273
773,47.0
774,97.14285714000002
775,19.0
776,43.25
777,56.25000000000001
778,61.649122809999994
779,56.26086956999999
780,93.66666667000001
781,59.99999999999999
782,16.90909091
783,64.69565217
784,15.0
785,38.44444444
786,118.25
787,22.999999999999996
788,144.5
789,22.0
790,38.8
791,60.5
792,108.36363640000002
793,93.125
0,0.0
0,102.0
0,113.0
3,232.5
4,46.08333333
0,91.0
6,69.0
7,210.5
8,89.5
9,21.0
10,21.0
0,21.0
12,19.0
0,27.000000000000004
14,27.0
15,229.2
0,54.5
0,163.0
18,123.09090909999999
0,180.6666667
0,0.0
0,53.0
22,31.230769229999996
23,128.2
0,62.88461538
25,2.0
0,64.875
27,34.0
0,121.5
29,53.0
30,27.66666667
31,39.85714286
0,96.0
0,44.0
34,24.999999999999996
0,379.0
0,126.0
0,0.0
0,50.0
0,107.0
0,43.74825175
40,46.28571429
41,32.0
42,45.33333333
0,77.0
44,109.85714289999999
45,103.6666667
46,38.66666667
0,72.0
48,61.5
49,52.7
0,31.0
51,132.0
52,38.0
53,8.0
0,11.18181818
0,0.0
0,118.4666667
57,22.000000000000004
58,39.0
0,273.33333329999994
60,38.0
0,13.666666669999998
0,214.99999999999997
0,216.0
0,113.0
65,29.0
0,0.0
66,23.0
67,219.99999999999997
0,448.00000000000006
0,595.0
0,604.0
0,350.00000000000006
0,27.0
73,19.0
0,16.75
0,41.99999999999999
76,240.0
0,181.8
0,85.50000000000001
79,139.0
0,174.0
0,348.00000000000006
82,34.875
0,40.5
84,84.66666667
0,207.66666670000004
0,52.16666667
87,56.8
88,0.0
0,3.0
90,12.0
0,108.6666667
0,67.71428570999998
93,30.42857143
93,0.0
0,0.0
93,0.0
0,0.0
93,0.0
93,0.0
93,0.0
0,0.0
93,0.0
0,0.0
0,0.0
93,0.0
0,0.0
0,0.0
93,0.0
0,0.0
0,0.0
93,0.0
0,0.0
0,0.0
0,0.0
93,0.0
0,0.0
0,0.0
93,0.0
0,0.0
93,0.0
0,0.0
0,0.0
93,0.0
93,0.0
0,0.0
0,0.0
0,0.0
0,0.0
0,0.0
0,0.0
0,0.0
0,0.0
93,0.0
0,0.0
93,0.0
93,0.0
93,0.0
0,0.0
0,0.0
94,0.0
0,0.0
0,0.0
94,0.0
94,0.0
0,0.0
0,0.0
94,0.0
0,0.0
0,0.0
0,0.0
0,0.0
94,0.0
94,0.0
94,0.0
94,0.0
0,0.0
0,0.0
0,0.0
0,0.0
0,0.0
0,0.0
0,0.0
94,0.0
0,0.0
0,0.0
94,0.0
0,0.0
0,0.0
0,0.0
0,0.0
94,0.0
0,0.0
94,0.0
0,0.0
0,0.0
0,0.0
0,0.0
94,0.0
0,0.0
0,0.0
0,0.0
0,0.0
0,0.0
0,0.0
0,0.0
94,0.0
94,0.0
94,0.0
0,0.0
0,0.0
0,0.0
0,0.0
0,0.0
0,0.0
0,0.0
0,0.0
94,0.0
94,0.0
0,0.0
0,0.0
0,0.0
94,0.0
0,0.0
0,0.0
0,0.0
0,0.0
0,0.0
0,0.0
0,0.0
0,0.0
0,0.0
0,0.0
0,0.0
0,0.0
0,0.0
94,0.0
94,0.0
0,0.0
0,0.0
0,0.0
0,0.0
0,0.0
0,0.0
94,0.0
0,0.0
0,0.0
94,0.0
94,0.0
0,0.0
94,0.0
0,0.0
0,0.0
0,0.0
0,0.0
0,0.0
0,0.0
0,0.0
0,0.0
0,0.0
0,0.0
0,0.0
0,0.0
0,0.0
0,0.0
0,0.0
0,0.0
0,0.0
0,0.0
0,0.0
0,0.0
0,0.0
0,0.0
0,0.0
0,0.0
0,0.0
0,0.0
0,0.0
0,0.0
0,0.0
0,148.0
0,0.0
95,0.0
0,0.0
0,0.0
0,0.0
0,0.0
0,0.0
96,0.0
0,0.0
0,0.0
0,0.0
0,0.0
0,0.0
0,0.0
0,0.0
96,0.0
0,0.0
0,0.0
0,0.0
0,0.0
0,0.0
0,0.0
96,0.0
0,0.0
0,0.0
0,0.0
0,0.0
0,0.0
0,0.0
0,0.0
0,0.0
0,0.0
0,0.0
0,0.0
0,0.0
0,0.0
0,0.0
96,0.0
0,0.0
96,0.0
0,0.0
0,0.0
0,0.0
0,0.0
0,0.0
0,0.0
0,0.0
0,0.0
0,0.0
0,0.0
0,0.0
0,0.0
0,0.0
0,0.0
0,0.0
0,0.0
0,0.0
0,0.0
0,0.0
0,0.0
0,198.50000000000003
0,0.0
0,0.0
0,0.0
0,0.0
0,0.0
97,0.0
0,0.0
97,0.0
0,0.0
0,0.0
97,0.0
97,0.0
0,0.0
97,0.0
0,0.0
97,0.0
0,0.0
0,0.0
0,0.0
0,0.0
0,0.0
0,0.0
0,0.0
0,0.0
0,0.0
0,0.0
97,0.0
97,0.0
0,0.0
0,0.0
0,0.0
0,0.0
0,0.0
0,0.0
0,0.0
0,0.0
0,0.0
0,0.0
0,0.0
0,0.0
0,0.0
0,0.0
0,0.0
0,0.0
0,0.0
0,0.0
0,0.0
0,0.0
0,0.0
97,0.0
0,0.0
0,0.0
0,0.0
0,0.0
0,0.0
0,0.0
0,0.0
0,0.0
0,0.0
0,0.0
0,0.0
0,0.0
0,0.0
0,0.0
97,0.0
0,0.0
0,0.0
0,0.0
0,0.0
0,0.0
0,0.0
0,0.0
0,0.0
0,0.0
0,0.0
0,0.0
0,0.0
0,0.0
0,0.0
97,0.0
0,0.0
0,0.0
0,0.0
0,0.0
0,0.0
0,0.0
0,0.0
0,0.0
0,0.0
0,0.0
0,0.0
0,0.0
0,0.0
0,0.0
0,0.0
0,0.0
0,0.0
0,0.0
0,0.0
0,0.0
0,0.0
0,0.0
0,0.0
0,0.0
0,0.0
0,0.0
0,0.0
0,0.0
0,0.0
0,0.0
0,0.0
0,0.0
0,0.0
0,0.0
0,0.0
0,0.0
0,0.0
0,0.0
0,0.0
0,0.0
0,0.0
0,0.0
0,0.0
0,0.0
0,0.0
0,0.0
0,0.0
0,0.0
0,384.00000000000006
0,0.0
0,0.0
0,0.0
0,0.0
0,0.0
98,0.0
0,0.0
98,0.0
0,0.0
0,0.0
0,0.0
0,0.0
0,0.0
0,0.0
0,0.0
0,0.0
0,0.0
0,0.0
0,0.0
0,0.0
0,0.0
0,0.0
0,0.0
0,0.0
0,0.0
0,0.0
0,0.0
0,0.0
0,0.0
0,0.0
0,0.0
0,0.0
0,0.0
0,0.0
0,0.0
0,0.0
0,0.0
0,0.0
0,0.0
0,0.0
0,0.0
0,0.0
0,0.0
0,0.0
0,0.0
0,0.0
0,0.0
0,804.0
0,0.0
0,0.0
0,0.0
0,0.0
0,0.0
0,0.0
0,0.0
0,0.0
0,0.0
0,0.0
0,0.0
0,0.0
0,0.0
0,0.0
0,0.0
0,0.0
0,0.0
0,0.0
0,0.0
0,0.0
0,0.0
0,0.0
0,38.33333333
100,0.0
0,0.0
0,0.0
0,0.0
0,0.0
0,0.0
0,0.0
0,0.0
0,0.0
0,0.0
0,0.0
0,0.0
0,0.0
100,0.0
0,0.0
100,0.0
0,0.0
0,0.0
0,0.0
0,0.0
100,0.0
0,0.0
0,0.0
0,0.0
0,0.0
0,0.0
0,0.0
0,0.0
0,0.0
0,0.0
0,0.0
0,0.0
100,0.0
0,0.0
0,0.0
0,0.0
0,0.0
0,0.0
0,0.0
0,0.0
100,0.0
0,0.0
0,0.0
0,0.0
0,0.0
0,0.0
0,0.0
0,0.0
0,0.0
0,0.0
0,0.0
0,0.0
0,0.0
0,0.0
0,0.0
0,0.0
0,0.0
0,0.0
0,0.0
100,0.0
0,0.0
0,0.0
0,0.0
0,0.0
0,0.0
0,0.0
0,0.0
0,0.0
0,0.0
0,0.0
0,92.0
0,0.0
0,34.66666667
0,44.0
0,66.00000000000001
0,169.5
0,53.0
0,147.0
0,116.5
0,30.0
0,260.5
0,177.57142860000002
0,285.8571429
0,115.0
114,123.25000000000001
0,143.00000000000003
0,283.0
0,357.0
0,201.1666667
0,120.0
0,110.5
0,117.7142857
0,231.0
0,135.0
0,119.2
0,154.0
0,214.00000000000003
0,602.0000000000001
0,325.0
0,649.0
0,354.0
0,25.5
0,19.09090909
0,51.0
0,56.93023256
0,115.83333330000002
0,99.01265823
0,31.72
0,109.5066667
0,82.875
140,181.5
0,33.0
0,115.4482759
0,34.0
0,17.66666667
0,101.0930233
0,7.500000000000001
0,32.9
0,122.0
0,37.88888889
0,38.4
0,70.14285714
0,71.69230769
0,264.0
0,259.0
0,104.5
0,11.0
0,103.5
158,66.88888889
0,48.93333333
0,48.99999999999999
0,76.72727273
0,93.83333333
0,198.00000000000003
0,99.78465347
0,129.4361702
0,75.60000000000001
0,47.15384615
0,35.33333333
0,38.22222222
0,91.59999999999998
0,146.5
0,18.66666667
0,91.21428571000001
0,33.5
0,45.33333333
0,130.7916667
0,106.20000000000002
0,107.4
0,182.00000000000003
0,141.60000000000002
0,52.0
0,49.75000000000001
0,65.66666667
184,57.20000000000001
0,156.40000000000003
0,117.0
0,57.66666666999999
0,43.64179104
0,56.0
0,275.0
0,45.99999999999999
0,26.25
0,32.16666667
194,61.8
0,105.08333329999999
0,108.5
0,70.03846154
0,139.75000000000003
0,54.66666667
0,78.625
0,143.0
0,36.90909091
0,45.33333333000001
0,104.30921050000002
0,29.499999999999996
0,50.74999999999999
0,29.625
208,117.0
0,77.1
0,80.5
0,26.500000000000004
0,67.62463343
0,18.0
0,38.85714286
0,20.0
0,45.0
0,31.0
0,48.0
0,24.66666667
0,13.499999999999998
0,82.625
0,189.0
0,44.66666667
0,27.0
0,27.0
0,13.000000000000002
0,37.49999999999999
0,113.79999999999998
0,37.66666667
0,33.88888889
0,38.0
0,16.0
0,698.5
0,96.63636364000001
0,129.6666667
0,142.0
0,63.00000000000001
0,76.49999999999999
0,103.19999999999999
0,100.55555559999999
0,123.99999999999999
0,72.25000000000001
0,349.1666667
0,62.84090909
0,5.0
0,103.99999999999999
0,22.999999999999996
0,10.0
0,34.625
0,33.0
0,1002.9999999999999
0,78.0
0,69.4
0,20.5
0,42.4
0,65.0
0,25.4
0,18.999999999999996
0,144.3333333
0,45.4516129
0,135.1818182
0,25.88888889
0,26.0
0,29.63636364
0,211.8
0,28.0
0,32.99999999999999
0,130.7
0,20.0
0,37.53846154
0,55.33333333
0,46.39999999999999
0,82.00414938
0,46.00000000000001
0,176.2
0,141.9642857
0,322.0
0,365.0
0,367.0
0,197.83333329999996
0,98.0
0,15.0
0,80.33333333
0,122.00000000000001
0,119.0
0,111.79999999999998
0,6.666666666999999
0,42.75
0,157.0
0,60.99999999999999
0,69.0
0,82.66666667
0,145.6666667
0,178.42857139999998
0,188.6666667
0,61.20000000000001
0,68.16666667000001
0,80.0
0,92.5
0,53.33333333
0,28.25
0,59.0
0,110.625
0,23.44117647
0,151.7777778
0,53.99999999999999
0,33.33333333
0,81.0
0,38.0
0,16.0
0,79.11111111
0,149.6
0,64.51851852
0,26.666666670000005
0,61.15384615
0,217.0
0,142.0
0,122.99999999999999
0,41.0
0,159.5
0,199.0
0,193.50000000000003
0,9.25
0,35.64285714
0,37.82608696
0,204.99999999999997
0,189.0
0,250.0
0,80.85714285999998
0,108.0
0,21.81818182
0,121.0
0,55.5
0,43.03846154
0,44.0
0,21.0
0,42.93421053
0,36.5
0,60.99999999999999
0,73.9
0,41.50000000000001
0,89.0
0,272.0
0,133.4
0,127.0
0,281.0
0,19.0
0,65.55319149
0,30.666666669999998
0,18.75
0,64.0
0,29.6
0,99.0
0,127.00000000000001
0,185.5
0,121.50000000000001
0,106.25
0,56.0
0,53.5
0,187.99999999999997
0,115.5
0,30.0
0,81.75
0,63.0
0,93.2
0,152.0
0,180.0
0,135.0
0,44.0
0,17.0
0,47.00000000000001
0,57.5
0,24.0
0,15.999999999999998
0,206.0
0,67.33333333
0,87.25
0,65.5
0,208.0
0,157.0
0,115.6666667
0,19.0
383,112.08333329999999
384,208.0
385,210.00000000000003
386,59.75
387,181.0
387,0.0
388,66.25
389,64.5
390,54.5
391,113.00000000000001
392,442.66666670000006
393,144.5
394,174.0
395,152.0
396,54.5
397,45.0
398,29.0
399,96.15789474000002
400,53.5
401,60.99999999999999
402,8.25
403,105.49999999999999
404,165.0
405,108.0
406,37.125
407,126.99999999999999
408,54.5
409,64.0
410,40.0
411,56.900000000000006
412,102.25
413,34.0
414,30.0
415,41.00000000000001
416,36.99999999999999
417,35.99999999999999
418,78.71428570999998
419,100.33333330000002
420,96.0
421,88.99999999999999
422,46.37499999999999
423,31.75
424,9.333333333
425,49.0
426,10.42857143
427,43.0
428,19.42857143
429,24.71428571
430,140.99999999999997
431,139.0
432,72.35714286
433,40.5
434,55.33333333000001
435,71.0
436,39.0
437,53.99999999999999
438,56.33333333000001
439,62.5
440,165.0
441,183.0
442,189.5
443,127.99999999999999
444,73.0
445,307.0
446,71.0
447,25.000000000000004
448,60.99999999999999
449,58.00000000000001
450,20.0
451,18.0
452,157.75
453,159.0
454,82.00000000000001
455,153.0
456,36.00000000000001
457,85.5
458,89.75
459,53.00000000000001
460,48.0
461,48.00000000000001
462,15.333333329999999
463,26.333333330000002
464,26.999999999999996
465,15.66666667
466,56.19354838999999
467,86.125
468,114.3333333
469,132.5555556
470,112.49999999999999
471,101.3
471,0.0
472,4.733333333
473,72.71428571
474,63.59090908999999
475,12.46875
476,133.0
477,6.379310345
478,86.54545455
479,68.89655172
480,76.0
481,74.72727273
482,47.0
483,97.14285714000002
484,19.0
485,43.25
486,56.24999999999999
487,61.64912281000001
488,56.26086957
489,93.66666666999998
490,60.00000000000001
491,16.90909091
492,64.69565217
493,15.0
494,38.44444444
495,118.24999999999999
496,23.0
497,144.5
498,22.0
499,38.8
500,60.50000000000001
501,108.3636364
502,93.125
0,0.0
0,102.0
0,113.0
3,232.5
4,46.08333333
0,91.0
6,69.0
7,210.5
8,89.5
9,21.0
10,21.0
0,21.0
12,19.0
0,27.000000000000004
14,27.0
15,229.2
0,54.5
0,163.0
18,123.09090909999999
0,180.6666667
0,0.0
0,53.0
22,31.230769229999996
23,128.2
0,62.88461538
25,2.0
0,64.875
27,34.0
0,121.5
29,53.0
30,27.66666667
31,39.85714286
0,96.0
0,44.0
34,24.999999999999996
0,379.0
0,126.0
0,0.0
0,50.0
0,107.0
0,43.74825175
40,46.28571429
41,32.0
42,45.33333333
0,77.0
44,109.85714289999999
45,103.6666667
46,38.66666667
0,72.0
48,61.5
49,52.7
0,31.0
51,132.0
52,38.0
53,8.0
0,11.18181818
0,0.0
0,118.4666667
57,22.000000000000004
58,39.0
0,273.33333329999994
60,38.0
0,13.666666669999998
0,214.99999999999997
0,216.0
0,113.0
65,29.0
0,272.0
67,23.0
68,220.0
0,447.99999999999994
0,595.0
0,604.0
0,350.00000000000006
0,27.0
74,19.0
0,16.75
0,41.99999999999999
77,239.99999999999997
0,181.8
0,85.5
80,139.0
0,174.00000000000003
0,348.0
83,34.875
0,40.5
85,84.66666667
0,207.6666667
0,52.16666666999999
88,56.8
89,0.0
0,3.0
91,12.0
0,108.6666667
0,67.71428571
93,0.0
93,0.0
0,0.0
93,0.0
0,0.0
93,0.0
93,0.0
93,0.0
0,0.0
93,0.0
0,0.0
0,0.0
93,0.0
0,0.0
0,0.0
93,0.0
0,0.0
0,0.0
93,0.0
0,0.0
0,0.0
0,0.0
93,0.0
0,0.0
0,0.0
93,0.0
0,0.0
93,0.0
0,0.0
0,0.0
93,0.0
93,0.0
0,0.0
0,0.0
0,0.0
0,0.0
0,0.0
0,0.0
0,0.0
0,0.0
93,0.0
0,0.0
93,0.0
93,0.0
93,0.0
0,0.0
0,0.0
94,0.0
0,0.0
0,0.0
94,0.0
94,0.0
0,0.0
0,0.0
94,0.0
0,0.0
0,0.0
0,0.0
0,0.0
94,0.0
94,0.0
94,0.0
94,0.0
0,0.0
0,0.0
0,0.0
0,0.0
0,0.0
0,0.0
0,0.0
94,0.0
0,0.0
0,0.0
94,0.0
0,0.0
0,0.0
0,0.0
0,0.0
94,0.0
0,0.0
94,0.0
0,0.0
0,0.0
0,0.0
0,0.0
94,0.0
0,0.0
0,0.0
0,0.0
0,0.0
0,0.0
0,0.0
0,0.0
94,0.0
94,0.0
94,0.0
0,0.0
0,0.0
0,0.0
0,0.0
0,0.0
0,0.0
0,0.0
0,0.0
94,0.0
94,0.0
0,0.0
0,0.0
0,0.0
94,0.0
0,0.0
0,0.0
0,0.0
0,0.0
0,0.0
0,0.0
0,0.0
0,0.0
0,0.0
0,0.0
0,0.0
0,0.0
0,0.0
94,0.0
94,0.0
0,0.0
0,0.0
0,0.0
0,0.0
0,0.0
0,0.0
94,0.0
0,0.0
0,0.0
94,0.0
94,0.0
0,0.0
94,0.0
0,0.0
0,0.0
0,0.0
0,0.0
0,0.0
0,0.0
0,0.0
0,0.0
0,0.0
0,0.0
0,0.0
0,0.0
0,0.0
0,0.0
0,0.0
0,0.0
0,0.0
0,0.0
0,0.0
0,0.0
0,0.0
0,0.0
0,0.0
0,0.0
0,0.0
0,0.0
0,0.0
0,0.0
0,0.0
0,148.0
0,0.0
95,0.0
0,0.0
0,0.0
0,0.0
0,0.0
0,0.0
96,0.0
0,0.0
0,0.0
0,0.0
0,0.0
0,0.0
0,0.0
0,0.0
96,0.0
0,0.0
0,0.0
0,0.0
0,0.0
0,0.0
0,0.0
96,0.0
0,0.0
0,0.0
0,0.0
0,0.0
0,0.0
0,0.0
0,0.0
0,0.0
0,0.0
0,0.0
0,0.0
0,0.0
0,0.0
0,0.0
96,0.0
0,0.0
96,0.0
0,0.0
0,0.0
0,0.0
0,0.0
0,0.0
0,0.0
0,0.0
0,0.0
0,0.0
0,0.0
0,0.0
0,0.0
0,0.0
0,0.0
0,0.0
0,0.0
0,0.0
0,0.0
0,0.0
0,0.0
0,198.50000000000003
0,0.0
0,0.0
0,0.0
0,0.0
0,0.0
97,0.0
0,0.0
97,0.0
0,0.0
0,0.0
97,0.0
97,0.0
0,0.0
97,0.0
0,0.0
97,0.0
0,0.0
0,0.0
0,0.0
0,0.0
0,0.0
0,0.0
0,0.0
0,0.0
0,0.0
0,0.0
97,0.0
97,0.0
0,0.0
0,0.0
0,0.0
0,0.0
0,0.0
0,0.0
0,0.0
0,0.0
0,0.0
0,0.0
0,0.0
0,0.0
0,0.0
0,0.0
0,0.0
0,0.0
0,0.0
0,0.0
0,0.0
0,0.0
0,0.0
97,0.0
0,0.0
0,0.0
0,0.0
0,0.0
0,0.0
0,0.0
0,0.0
0,0.0
0,0.0
0,0.0
0,0.0
0,0.0
0,0.0
0,0.0
97,0.0
0,0.0
0,0.0
0,0.0
0,0.0
0,0.0
0,0.0
0,0.0
0,0.0
0,0.0
0,0.0
0,0.0
0,0.0
0,0.0
0,0.0
97,0.0
0,0.0
0,0.0
0,0.0
0,0.0
0,0.0
0,0.0
0,0.0
0,0.0
0,0.0
0,0.0
0,0.0
0,0.0
0,0.0
0,0.0
0,0.0
0,0.0
0,0.0
0,0.0
0,0.0
0,0.0
0,0.0
0,0.0
0,0.0
0,0.0
0,0.0
0,0.0
0,0.0
0,0.0
0,0.0
0,0.0
0,0.0
0,0.0
0,0.0
0,0.0
0,0.0
0,0.0
0,0.0
0,0.0
0,0.0
0,0.0
0,0.0
0,0.0
0,0.0
0,0.0
0,0.0
0,0.0
0,0.0
0,0.0
0,384.00000000000006
0,0.0
0,0.0
0,0.0
0,0.0
0,0.0
98,0.0
0,0.0
98,0.0
0,0.0
0,0.0
0,0.0
0,0.0
0,0.0
0,0.0
0,0.0
0,0.0
0,0.0
0,0.0
0,0.0
0,0.0
0,0.0
0,0.0
0,0.0
0,0.0
0,0.0
0,0.0
0,0.0
0,0.0
0,0.0
0,0.0
0,0.0
0,0.0
0,0.0
0,0.0
0,0.0
0,0.0
0,0.0
0,0.0
0,0.0
0,0.0
0,0.0
0,0.0
0,0.0
0,0.0
0,0.0
0,0.0
0,0.0
0,804.0
0,0.0
0,0.0
0,0.0
0,0.0
0,0.0
0,0.0
0,0.0
0,0.0
0,0.0
0,0.0
0,0.0
0,0.0
0,0.0
0,0.0
0,0.0
0,0.0
0,0.0
0,0.0
0,0.0
0,0.0
0,0.0
0,0.0
0,38.33333333
100,0.0
0,0.0
0,0.0
0,0.0
0,0.0
0,0.0
0,0.0
0,0.0
0,0.0
0,0.0
0,0.0
0,0.0
0,0.0
100,0.0
0,0.0
100,0.0
0,0.0
0,0.0
0,0.0
0,0.0
100,0.0
0,0.0
0,0.0
0,0.0
0,0.0
0,0.0
0,0.0
0,0.0
0,0.0
0,0.0
0,0.0
0,0.0
100,0.0
0,0.0
0,0.0
0,0.0
0,0.0
0,0.0
0,0.0
0,0.0
100,0.0
0,0.0
0,0.0
0,0.0
0,0.0
0,0.0
0,0.0
0,0.0
0,0.0
0,0.0
0,0.0
0,0.0
0,0.0
0,0.0
0,0.0
0,0.0
0,0.0
0,0.0
0,0.0
100,0.0
0,0.0
0,0.0
0,0.0
0,0.0
0,0.0
0,0.0
0,0.0
0,0.0
0,0.0
0,0.0
0,92.0
0,0.0
0,34.66666667
0,44.0
0,66.00000000000001
0,169.5
0,53.0
0,147.0
0,116.5
0,30.0
0,260.5
0,177.57142860000002
0,285.8571429
0,115.0
114,123.25000000000001
0,143.00000000000003
0,283.0
0,357.0
0,201.1666667
0,120.0
0,110.5
0,117.7142857
0,231.0
0,135.0
0,119.2
0,154.0
0,214.00000000000003
0,602.0000000000001
0,325.0
0,649.0
0,354.0
0,25.5
0,19.09090909
0,51.0
0,56.93023256
0,115.83333330000002
0,99.01265823
0,31.72
0,109.5066667
0,82.875
140,181.5
0,33.0
0,115.4482759
0,34.0
0,17.66666667
0,101.0930233
0,7.500000000000001
0,32.9
0,122.0
0,37.88888889
0,38.4
0,70.14285714
0,71.69230769
0,264.0
0,259.0
0,104.5
0,11.0
0,103.5
158,66.88888889
0,48.93333333
0,48.99999999999999
0,76.72727273
0,93.83333333
0,198.00000000000003
0,99.78465347
0,129.4361702
0,75.60000000000001
0,47.15384615
0,35.33333333
0,38.22222222
0,91.59999999999998
0,146.5
0,18.66666667
0,91.21428571000001
0,33.5
0,45.33333333
0,130.7916667
0,106.20000000000002
0,107.4
0,182.00000000000003
0,141.60000000000002
0,52.0
0,49.75000000000001
0,65.66666667
184,57.20000000000001
0,156.40000000000003
0,117.0
0,57.66666666999999
0,43.64179104
0,56.0
0,275.0
0,45.99999999999999
0,26.25
0,32.16666667
194,61.8
0,105.08333329999999
0,108.5
0,70.03846154
0,139.75000000000003
0,54.66666667
0,78.625
0,143.0
0,36.90909091
0,45.33333333000001
0,104.30921050000002
0,29.499999999999996
0,50.74999999999999
0,29.625
208,117.0
0,77.1
0,80.5
0,26.500000000000004
0,67.62463343
0,18.0
0,38.85714286
0,20.0
0,45.0
0,31.0
0,48.0
0,24.66666667
0,13.499999999999998
0,82.625
0,189.0
0,44.66666667
0,27.0
0,27.0
0,13.000000000000002
0,37.49999999999999
0,113.79999999999998
0,37.66666667
0,33.88888889
0,38.0
0,16.0
0,698.5
0,96.63636364000001
0,129.6666667
0,142.0
0,63.00000000000001
0,76.49999999999999
0,103.19999999999999
0,100.55555559999999
0,123.99999999999999
0,72.25000000000001
0,349.1666667
0,62.84090909
0,5.0
0,103.99999999999999
0,22.999999999999996
0,10.0
0,34.625
0,33.0
0,1002.9999999999999
0,78.0
0,69.4
0,20.5
0,42.4
0,65.0
0,25.4
0,18.999999999999996
0,144.3333333
0,45.4516129
0,135.1818182
0,25.88888889
0,26.0
0,29.63636364
0,211.8
0,28.0
0,32.99999999999999
0,130.7
0,20.0
0,37.53846154
0,55.33333333
0,46.39999999999999
0,82.00414938
0,46.00000000000001
0,176.2
0,141.9642857
0,322.0
0,365.0
0,367.0
0,197.83333329999996
0,98.0
0,15.0
0,80.33333333
0,122.00000000000001
0,119.0
0,111.79999999999998
0,6.666666666999999
0,42.75
0,157.0
0,60.99999999999999
0,69.0
0,82.66666667
0,145.6666667
0,178.42857139999998
0,188.6666667
0,61.20000000000001
0,68.16666667000001
0,80.0
0,92.5
0,53.33333333
0,28.25
0,59.0
0,110.625
0,23.44117647
0,151.7777778
0,53.99999999999999
0,33.33333333
0,81.0
0,38.0
0,16.0
0,79.11111111
0,149.6
0,64.51851852
0,26.666666670000005
0,61.15384615
0,217.0
0,142.0
0,122.99999999999999
0,41.0
0,159.5
0,199.0
0,193.50000000000003
0,9.25
0,35.64285714
0,37.82608696
0,204.99999999999997
0,189.0
0,250.0
0,80.85714285999998
0,108.0
0,21.81818182
0,121.0
0,55.5
0,43.03846154
0,44.0
0,21.0
0,42.93421053
0,36.5
0,60.99999999999999
0,73.9
0,41.50000000000001
0,89.0
0,272.0
0,133.4
0,127.0
0,281.0
0,19.0
0,65.55319149
0,30.666666669999998
0,18.75
0,64.0
0,29.6
0,99.0
0,127.00000000000001
0,185.5
0,121.50000000000001
0,106.25
0,56.0
0,53.5
0,187.99999999999997
0,115.5
0,30.0
0,81.75
0,63.0
0,93.2
0,152.0
0,180.0
0,135.0
0,44.0
0,17.0
0,0.0
0,57.5
0,24.0
0,16.0
0,206.0
0,67.33333333
0,87.24999999999999
0,65.5
0,208.0
0,156.99999999999997
0,115.6666667
0,19.0
382,112.08333330000002
383,208.00000000000003
384,210.0
385,59.75
386,181.0
386,0.0
387,66.25
388,64.5
389,54.5
390,112.99999999999999
391,442.6666667
392,144.5
393,173.99999999999997
394,152.0
395,54.50000000000001
396,45.0
397,29.0
398,96.15789474
399,53.5
400,61.0
401,8.25
402,105.5
403,165.0
404,107.99999999999999
405,37.125
406,127.0
407,54.5
408,64.0
409,40.0
410,56.900000000000006
411,102.25000000000001
412,34.0
413,29.999999999999996
414,41.0
415,37.0
416,36.0
417,78.71428571
418,100.3333333
419,96.0
420,89.0
421,46.375
421,0.0
422,9.333333333
423,49.0
424,10.42857143
425,43.0
426,19.42857143
427,24.71428571
428,141.0
429,139.0
430,72.35714286
431,40.5
432,55.33333333
433,71.0
434,39.0
435,54.0
436,56.33333333
437,62.50000000000001
438,164.99999999999997
439,183.0
440,189.50000000000003
441,128.0
442,73.0
443,307.0
444,71.0
445,25.0
446,61.0
447,57.99999999999999
448,20.0
449,18.0
450,157.74999999999997
451,159.0
452,82.0
453,153.0
454,36.0
455,85.5
456,89.75
457,53.00000000000001
458,48.00000000000001
459,48.0
460,15.33333333
461,26.333333329999995
462,27.0
463,15.66666667
464,56.19354838999999
465,86.12500000000001
466,114.33333329999999
467,132.5555556
468,112.49999999999999
469,101.3
469,0.0
470,4.733333333
471,72.71428571
472,63.59090908999999
473,12.468749999999998
474,133.0
475,6.379310345
476,86.54545455
477,68.89655172
478,76.0
479,74.72727273
480,47.0
481,97.14285714
482,19.0
483,43.25
484,56.25
485,61.64912281
486,56.26086957
487,93.66666667
488,60.00000000000001
489,16.90909091
490,64.69565217000002
491,15.0
492,38.44444444
493,118.25
494,22.999999999999996
495,144.5
496,21.999999999999996
497,38.8
498,60.5
499,108.36363640000002
500,93.125
0,0.0
0,102.0
0,113.0
3,232.5
4,46.08333333
0,91.0
6,69.0
7,210.5
8,89.5
9,21.0
10,21.0
0,21.0
12,19.0
0,27.000000000000004
14,27.0
15,229.2
0,54.5
0,163.0
18,123.09090909999999
0,180.6666667
0,0.0
0,53.0
22,31.230769229999996
23,128.2
0,62.88461538
25,2.0
0,64.875
27,34.0
0,121.5
29,53.0
30,27.66666667
31,39.85714286
0,96.0
0,44.0
34,24.999999999999996
0,379.0
0,0.0
0,0.0
0,50.0
0,107.00000000000001
0,43.74825175
39,46.28571429
40,32.0
41,45.33333333
0,77.0
43,109.8571429
44,103.6666667
45,38.66666667
0,72.0
47,61.49999999999999
48,52.7
0,31.0
50,132.0
51,38.0
52,8.0
0,11.18181818
0,0.0
0,118.46666670000002
56,22.0
57,39.0
0,273.3333333
59,38.0
0,13.66666667
0,215.0
0,216.0
0,113.0
64,29.0
0,272.0
66,23.0
67,219.99999999999997
0,448.00000000000006
0,595.0
0,604.0
0,350.00000000000006
0,27.0
73,19.0
0,16.75
0,41.99999999999999
76,240.0
0,181.8
0,85.50000000000001
79,139.0
0,174.0
0,348.00000000000006
82,34.875
0,40.5
84,84.66666667
0,207.66666670000004
0,52.16666667
87,56.8
88,0.0
0,3.0
90,12.0
0,108.6666667
0,67.71428570999998
92,0.0
92,0.0
0,0.0
92,0.0
0,0.0
92,0.0
92,0.0
92,0.0
0,0.0
92,0.0
0,0.0
0,0.0
92,0.0
0,0.0
0,0.0
92,0.0
0,0.0
0,0.0
92,0.0
0,0.0
0,0.0
0,0.0
92,0.0
0,0.0
0,0.0
92,0.0
0,0.0
92,0.0
0,0.0
0,0.0
92,0.0
92,0.0
0,0.0
0,0.0
0,0.0
0,0.0
0,0.0
0,0.0
0,0.0
0,0.0
92,0.0
0,0.0
92,0.0
92,0.0
92,0.0
0,0.0
0,0.0
93,0.0
0,0.0
0,0.0
93,0.0
93,0.0
0,0.0
0,0.0
93,0.0
0,0.0
0,0.0
0,0.0
0,42.49999999999999
94,0.0
94,0.0
94,0.0
94,0.0
0,0.0
0,0.0
0,0.0
0,0.0
0,0.0
0,0.0
0,0.0
94,0.0
0,0.0
0,0.0
94,0.0
0,0.0
0,0.0
0,0.0
0,0.0
94,0.0
0,0.0
94,0.0
0,0.0
0,0.0
0,0.0
0,0.0
94,0.0
0,0.0
0,0.0
0,0.0
0,0.0
0,0.0
0,0.0
0,0.0
94,0.0
94,0.0
94,0.0
0,0.0
0,0.0
0,0.0
0,0.0
0,0.0
0,0.0
0,0.0
0,0.0
94,0.0
94,0.0
0,0.0
0,0.0
0,0.0
94,0.0
0,0.0
0,0.0
0,0.0
0,0.0
0,0.0
0,0.0
0,0.0
0,0.0
0,0.0
0,0.0
0,0.0
0,0.0
0,0.0
94,0.0
94,0.0
0,0.0
0,0.0
0,0.0
0,0.0
0,0.0
0,0.0
94,0.0
0,0.0
0,0.0
94,0.0
94,0.0
0,0.0
94,0.0
0,0.0
0,0.0
0,0.0
0,0.0
0,0.0
0,0.0
0,0.0
0,0.0
0,0.0
0,0.0
0,0.0
0,0.0
0,0.0
0,0.0
0,0.0
0,0.0
0,0.0
0,0.0
0,0.0
0,0.0
0,0.0
0,0.0
0,0.0
0,0.0
0,0.0
0,0.0
0,0.0
0,0.0
0,0.0
0,148.0
0,0.0
95,0.0
0,0.0
0,0.0
0,0.0
0,0.0
0,0.0
96,0.0
0,0.0
0,0.0
0,0.0
0,0.0
0,0.0
0,0.0
0,0.0
96,0.0
0,0.0
0,0.0
0,0.0
0,0.0
0,0.0
0,0.0
96,0.0
0,0.0
0,0.0
0,0.0
0,0.0
0,0.0
0,0.0
0,0.0
0,0.0
0,0.0
0,0.0
0,0.0
0,0.0
0,0.0
0,0.0
96,0.0
0,0.0
96,0.0
0,0.0
0,0.0
0,0.0
0,0.0
0,0.0
0,0.0
0,0.0
0,0.0
0,0.0
0,0.0
0,0.0
0,0.0
0,0.0
0,0.0
0,0.0
0,0.0
0,0.0
0,0.0
0,0.0
0,0.0
0,198.50000000000003
0,0.0
0,0.0
0,0.0
0,0.0
0,0.0
97,0.0
0,0.0
97,0.0
0,0.0
0,0.0
97,0.0
97,0.0
0,0.0
97,0.0
0,0.0
97,0.0
0,0.0
0,0.0
0,0.0
0,0.0
0,0.0
0,0.0
0,0.0
0,0.0
0,0.0
0,0.0
97,0.0
97,0.0
0,0.0
0,0.0
0,0.0
0,0.0
0,81.35000000000001
0,0.0
0,0.0
0,0.0
0,0.0
0,0.0
0,0.0
0,0.0
0,0.0
0,0.0
0,0.0
0,0.0
0,0.0
0,0.0
0,0.0
0,0.0
0,0.0
98,0.0
0,0.0
0,0.0
0,0.0
0,0.0
0,0.0
0,0.0
0,0.0
0,0.0
0,0.0
0,0.0
0,0.0
0,0.0
0,0.0
0,0.0
98,0.0
0,0.0
0,0.0
0,0.0
0,0.0
0,0.0
0,0.0
0,0.0
0,0.0
0,0.0
0,0.0
0,0.0
0,0.0
0,0.0
0,0.0
98,0.0
0,0.0
0,0.0
0,0.0
0,0.0
0,0.0
0,0.0
0,0.0
0,0.0
0,0.0
0,0.0
0,0.0
0,0.0
0,0.0
0,0.0
0,0.0
0,0.0
0,0.0
0,0.0
0,0.0
0,0.0
0,0.0
0,0.0
0,0.0
0,0.0
0,0.0
0,0.0
0,0.0
0,0.0
0,0.0
0,0.0
0,0.0
0,0.0
0,0.0
0,0.0
0,0.0
0,0.0
0,0.0
0,0.0
0,0.0
0,314.0
0,0.0
0,0.0
0,0.0
0,0.0
0,0.0
0,0.0
0,0.0
0,0.0
0,384.0
0,0.0
0,0.0
0,0.0
0,0.0
0,0.0
100,0.0
0,0.0
100,0.0
0,0.0
0,0.0
0,0.0
0,0.0
0,0.0
0,0.0
0,0.0
0,0.0
0,0.0
0,0.0
0,0.0
0,0.0
0,0.0
0,0.0
0,0.0
0,0.0
0,0.0
0,0.0
0,0.0
0,0.0
0,0.0
0,0.0
0,0.0
0,0.0
0,106.25
0,0.0
0,0.0
0,0.0
0,0.0
0,0.0
0,0.0
0,0.0
0,0.0
0,19.0
0,0.0
0,0.0
0,0.0
0,0.0
0,0.0
0,804.0
0,0.0
0,0.0
0,0.0
0,0.0
0,0.0
0,0.0
0,0.0
0,0.0
0,0.0
0,0.0
0,0.0
0,0.0
0,0.0
0,0.0
0,0.0
0,0.0
0,0.0
0,0.0
0,0.0
0,0.0
0,0.0
0,0.0
0,38.33333333
104,0.0
0,0.0
0,0.0
0,0.0
0,0.0
0,0.0
0,0.0
0,0.0
0,0.0
0,0.0
0,0.0
0,0.0
0,0.0
104,0.0
0,0.0
104,0.0
0,0.0
0,0.0
0,0.0
0,0.0
104,0.0
0,0.0
0,0.0
0,0.0
0,0.0
0,0.0
0,0.0
0,0.0
0,0.0
0,0.0
0,0.0
0,0.0
104,0.0
0,0.0
0,0.0
0,0.0
0,0.0
0,0.0
0,0.0
0,0.0
104,0.0
0,0.0
0,0.0
0,0.0
0,0.0
0,0.0
0,0.0
0,0.0
0,0.0
0,0.0
0,0.0
0,0.0
0,0.0
0,0.0
0,0.0
0,0.0
0,0.0
0,0.0
0,0.0
104,0.0
0,0.0
0,0.0
0,0.0
0,0.0
0,0.0
0,0.0
0,0.0
0,0.0
0,0.0
0,0.0
0,92.0
0,131.0
0,34.66666667
0,44.0
0,65.99999999999999
0,169.5
0,52.99999999999999
0,147.0
0,116.50000000000001
0,30.0
0,260.5
0,177.5714286
0,285.8571429
0,115.0
119,123.24999999999999
0,143.0
0,283.0
0,357.0
0,201.1666667
0,119.99999999999999
0,110.5
0,117.7142857
0,230.99999999999997
0,135.0
0,119.2
0,154.0
0,214.0
0,602.0
0,325.0
0,649.0
0,354.0
0,25.5
0,19.09090909
0,51.0
0,56.93023256
0,115.8333333
0,99.01265823
0,31.719999999999995
0,109.5066667
0,82.875
145,181.5
0,33.0
0,115.44827590000001
0,34.0
0,17.66666667
0,101.09302329999998
0,7.500000000000001
0,32.9
0,122.00000000000001
0,37.88888889
0,38.4
0,70.14285714
0,71.69230769
0,264.0
0,259.0
0,104.5
0,11.0
0,103.49999999999999
163,66.88888889
0,48.933333329999996
0,49.00000000000001
0,76.72727273
0,93.83333333
0,198.0
0,99.78465347000001
0,129.4361702
0,75.6
0,47.15384615
0,35.33333333
0,38.22222221999999
0,91.59999999999998
0,146.49999999999997
0,18.66666667
0,91.21428571
0,33.5
0,45.333333329999995
0,130.7916667
0,106.2
0,107.4
0,182.0
0,141.6
0,51.99999999999999
0,49.75
0,65.66666667
189,57.2
0,156.4
0,117.0
0,57.66666667
0,43.64179104000001
0,55.99999999999999
0,275.0
0,46.0
0,26.250000000000004
0,32.16666666999999
199,61.8
0,105.08333330000002
0,108.50000000000001
0,70.03846154
0,139.75
0,54.66666667
0,78.62499999999999
0,142.99999999999997
0,36.90909091
0,45.33333333
0,104.3092105
0,29.5
0,50.75
0,29.625
213,117.00000000000001
0,77.09999999999998
0,80.5
0,26.5
0,67.62463343
0,18.0
0,38.85714286
0,20.0
0,45.0
0,30.999999999999996
0,48.0
0,24.66666667
0,13.5
0,82.625
0,188.99999999999997
0,44.66666667
0,27.000000000000004
0,26.999999999999996
0,12.999999999999998
0,37.5
0,113.8
0,37.66666667
0,33.88888889
0,38.0
0,15.999999999999998
0,698.5
0,96.63636364
0,129.6666667
0,142.0
0,62.99999999999999
0,76.5
0,103.20000000000002
0,100.55555559999999
0,123.99999999999999
0,72.25
0,349.1666667
0,62.84090909
0,5.0
0,104.0
0,23.0
0,10.0
0,34.625
0,32.99999999999999
0,1003.0000000000001
0,78.00000000000001
0,69.4
0,20.5
0,42.4
0,65.0
0,25.4
0,18.999999999999996
0,144.3333333
0,45.45161290000001
0,135.1818182
0,25.888888889999997
0,25.999999999999996
0,29.63636364
0,211.8
0,28.0
0,33.0
0,130.7
0,20.000000000000004
0,37.53846154
0,55.33333333
0,46.4
0,82.00414938
0,46.0
0,176.2
0,141.9642857
0,322.0
0,364.99999999999994
0,367.0
0,197.8333333
0,98.0
0,15.0
0,80.33333333
0,122.00000000000001
0,119.00000000000001
0,111.8
0,6.666666667
0,42.75
0,157.0
0,60.99999999999999
0,69.0
0,82.66666666999998
0,145.6666667
0,178.42857139999998
0,188.6666667
0,61.20000000000001
0,68.16666667000001
0,79.99999999999999
0,92.5
0,53.33333333
0,28.249999999999996
0,58.99999999999999
0,110.62500000000001
0,23.44117647
0,151.7777778
0,53.99999999999999
0,33.33333333
0,81.00000000000001
0,38.0
0,16.0
0,79.11111111
0,149.6
0,64.51851852
0,26.66666667
0,61.15384615
0,217.00000000000003
0,142.0
0,123.0
0,41.0
0,159.5
0,199.0
0,193.5
0,9.25
0,35.64285714
0,37.82608696
0,204.99999999999997
0,189.00000000000003
0,249.99999999999997
0,80.85714286
0,108.0
0,21.81818182
0,121.0
0,55.5
0,43.03846154
0,43.99999999999999
0,21.0
0,42.93421053
0,36.50000000000001
0,61.0
0,73.9
0,41.5
0,89.0
0,272.0
0,133.4
0,127.00000000000001
0,281.0
0,19.0
0,65.55319149
0,30.666666670000005
0,18.75
0,64.0
0,29.599999999999998
0,98.99999999999999
0,127.00000000000001
0,185.49999999999997
0,121.5
0,106.25
0,56.0
0,53.5
0,188.0
0,115.49999999999999
0,30.0
0,81.75
0,63.00000000000001
0,93.19999999999999
0,152.0
0,179.99999999999997
0,135.0
0,44.0
0,17.0
0,47.0
0,57.49999999999999
0,24.0
0,16.0
0,206.0
0,67.33333333
0,87.25
0,65.5
0,208.0
0,157.0
0,115.6666667
0,19.0
388,112.0833333
389,207.99999999999997
390,210.0
391,59.75
392,181.00000000000003
392,0.0
393,66.25000000000001
394,64.5
395,54.50000000000001
396,113.0
397,442.66666669999995
398,144.5
399,174.0
400,151.99999999999997
401,54.5
402,45.0
403,29.0
404,96.15789473999999
405,53.49999999999999
406,61.00000000000001
407,8.249999999999998
408,105.50000000000001
409,165.0
410,108.0
411,37.125
412,126.99999999999999
413,54.49999999999999
414,64.0
415,40.0
416,56.89999999999999
417,102.24999999999999
418,34.0
419,30.0
420,41.0
421,37.0
422,36.0
423,78.71428571
424,100.33333329999999
425,96.0
426,89.00000000000001
427,46.37500000000001
428,31.75
429,9.333333333
430,49.0
431,10.428571429999998
432,43.0
433,19.42857143
434,24.71428571
435,141.0
436,139.0
437,72.35714286
438,40.5
439,55.33333333
440,71.0
441,39.0
442,54.0
443,56.33333333
444,62.5
445,165.0
446,183.0
447,189.49999999999997
448,128.0
449,73.0
450,307.0
451,71.0
452,25.0
453,61.0
454,58.0
455,20.0
456,18.000000000000004
457,157.75
458,159.00000000000003
459,82.0
460,153.0
461,36.0
462,85.5
463,89.75
464,53.0
465,48.0
466,48.0
467,15.333333330000002
468,26.33333333
469,27.0
470,15.666666670000001
471,56.19354838999999
472,86.125
473,114.3333333
474,132.5555556
475,112.5
476,101.3
476,0.0
477,4.733333333
478,72.71428571
479,63.590909090000004
480,12.46875
481,133.0
482,6.3793103449999995
483,86.54545455000002
484,68.89655172
485,76.0
486,74.72727273
487,47.0
488,97.14285713999999
489,19.0
490,43.25
491,56.25
492,61.649122809999994
493,56.26086957
494,93.66666666999998
495,60.0
496,16.90909091
497,64.69565217000002
498,14.999999999999998
499,38.44444444
500,118.25000000000001
501,23.0
502,144.5
503,22.0
504,38.8
505,60.5
506,108.36363640000002
507,93.125
0,0.0
0,102.0
0,113.0
3,232.5
4,46.08333333
0,91.0
6,69.0
7,210.5
8,89.5
9,21.0
10,21.0
0,21.0
12,19.0
0,27.000000000000004
14,27.0
15,229.2
0,54.5
0,163.0
17,0.0
0,180.66666669999998
0,0.0
0,53.0
21,31.23076923
22,128.2
0,62.88461538
24,2.0
0,64.875
26,34.0
0,121.5
28,53.0
29,27.666666670000005
30,39.85714286
0,96.0
0,44.0
33,25.0
0,379.0
0,125.99999999999999
0,0.0
0,50.0
0,107.00000000000001
0,43.74825175
39,46.28571429
40,32.0
41,45.33333333
0,77.0
43,109.8571429
44,103.6666667
45,38.66666667
0,72.0
47,61.49999999999999
48,52.7
0,31.0
50,132.0
51,38.0
52,8.0
0,11.18181818
0,0.0
0,118.46666670000002
56,22.0
57,39.0
0,273.3333333
59,38.0
0,13.66666667
0,215.0
0,216.0
0,113.0
64,29.0
0,272.0
66,23.0
67,219.99999999999997
0,448.00000000000006
0,595.0
0,604.0
0,350.00000000000006
0,27.0
73,19.0
0,16.75
0,41.99999999999999
76,240.0
0,181.8
0,85.50000000000001
79,139.0
0,174.0
0,348.00000000000006
82,34.875
0,40.5
84,84.66666667
0,207.66666670000004
0,52.16666667
87,56.8
88,0.0
0,3.0
90,12.0
0,108.6666667
0,67.71428570999998
92,0.0
92,0.0
0,0.0
92,0.0
0,0.0
92,0.0
92,0.0
92,0.0
0,0.0
92,0.0
0,0.0
0,0.0
92,0.0
0,0.0
0,0.0
92,0.0
0,0.0
0,0.0
92,0.0
0,0.0
0,0.0
0,0.0
92,0.0
0,0.0
0,0.0
92,0.0
0,0.0
92,0.0
0,0.0
0,0.0
92,0.0
92,0.0
0,0.0
0,0.0
0,0.0
0,0.0
0,0.0
0,0.0
0,0.0
0,0.0
92,0.0
0,0.0
92,0.0
92,0.0
92,0.0
0,0.0
0,0.0
93,0.0
0,0.0
0,0.0
93,0.0
93,0.0
0,0.0
0,0.0
93,0.0
0,0.0
0,0.0
0,0.0
0,0.0
93,0.0
93,0.0
93,0.0
93,0.0
0,0.0
0,0.0
0,0.0
0,0.0
0,0.0
0,0.0
0,0.0
93,0.0
0,0.0
0,0.0
93,0.0
0,0.0
0,0.0
0,0.0
0,0.0
93,0.0
0,0.0
93,0.0
0,0.0
0,0.0
0,0.0
0,0.0
93,0.0
0,0.0
0,0.0
0,0.0
0,0.0
0,0.0
0,0.0
0,0.0
93,0.0
93,0.0
93,0.0
0,0.0
0,0.0
0,0.0
0,0.0
0,0.0
0,0.0
0,0.0
0,0.0
93,0.0
93,0.0
0,0.0
0,0.0
0,0.0
93,0.0
0,0.0
0,0.0
0,0.0
0,0.0
0,0.0
0,0.0
0,0.0
0,0.0
0,0.0
0,0.0
0,0.0
0,0.0
0,0.0
93,0.0
93,0.0
0,0.0
0,0.0
0,0.0
0,0.0
0,0.0
0,0.0
93,0.0
0,0.0
0,0.0
93,0.0
93,0.0
0,0.0
93,0.0
0,0.0
0,0.0
0,0.0
0,0.0
0,0.0
0,0.0
0,0.0
0,0.0
0,0.0
0,0.0
0,0.0
0,0.0
0,0.0
0,0.0
0,0.0
0,0.0
0,0.0
0,0.0
0,0.0
0,0.0
0,0.0
0,0.0
0,0.0
0,0.0
0,0.0
0,0.0
0,0.0
0,0.0
0,0.0
0,148.0
0,0.0
94,0.0
0,0.0
0,0.0
0,0.0
0,0.0
0,0.0
95,0.0
0,0.0
0,0.0
0,0.0
0,0.0
0,0.0
0,0.0
0,0.0
95,0.0
0,0.0
0,0.0
0,0.0
0,0.0
0,0.0
0,0.0
96,51.0
0,0.0
0,0.0
0,0.0
0,0.0
0,0.0
0,0.0
0,0.0
0,0.0
0,0.0
0,0.0
0,0.0
0,0.0
0,0.0
0,0.0
96,0.0
0,0.0
96,0.0
0,0.0
0,0.0
0,0.0
0,0.0
0,0.0
0,0.0
0,0.0
0,0.0
0,0.0
0,0.0
0,0.0
0,0.0
0,0.0
0,0.0
0,0.0
0,0.0
0,0.0
0,0.0
0,0.0
0,0.0
0,198.50000000000003
0,0.0
0,0.0
0,0.0
0,0.0
0,0.0
97,0.0
0,0.0
97,0.0
0,0.0
0,0.0
97,0.0
97,0.0
0,0.0
97,0.0
0,0.0
97,0.0
0,0.0
0,0.0
0,0.0
0,0.0
0,0.0
0,0.0
0,0.0
0,0.0
0,0.0
0,0.0
97,0.0
97,0.0
0,0.0
0,0.0
0,0.0
0,0.0
0,0.0
0,0.0
0,0.0
0,0.0
0,0.0
0,0.0
0,0.0
0,0.0
0,0.0
0,0.0
0,0.0
0,0.0
0,0.0
0,0.0
0,0.0
0,0.0
0,0.0
97,0.0
0,0.0
0,0.0
0,0.0
0,0.0
0,0.0
0,0.0
0,0.0
0,0.0
0,0.0
0,0.0
0,0.0
0,0.0
0,0.0
0,0.0
97,0.0
0,0.0
0,0.0
0,0.0
0,0.0
0,0.0
0,0.0
0,0.0
0,0.0
0,0.0
0,0.0
0,0.0
0,0.0
0,0.0
0,0.0
97,0.0
0,0.0
0,0.0
0,0.0
0,0.0
0,0.0
0,0.0
0,0.0
0,0.0
0,0.0
0,0.0
0,0.0
0,0.0
0,0.0
0,0.0
0,0.0
0,0.0
0,0.0
0,0.0
0,0.0
0,0.0
0,0.0
0,0.0
0,0.0
0,0.0
0,0.0
0,0.0
0,0.0
0,0.0
0,0.0
0,0.0
0,0.0
0,0.0
0,0.0
0,0.0
0,0.0
0,0.0
0,0.0
0,0.0
0,0.0
0,0.0
0,0.0
0,0.0
0,0.0
0,0.0
0,0.0
0,0.0
0,0.0
0,0.0
0,384.00000000000006
0,0.0
0,0.0
0,0.0
0,0.0
0,0.0
98,0.0
0,0.0
98,0.0
0,0.0
0,0.0
0,0.0
0,0.0
0,0.0
0,0.0
0,0.0
0,0.0
0,0.0
0,0.0
0,0.0
0,0.0
0,0.0
0,0.0
0,0.0
0,0.0
0,0.0
0,0.0
0,0.0
0,0.0
0,0.0
0,0.0
0,0.0
0,0.0
0,0.0
0,0.0
0,0.0
0,0.0
0,0.0
0,0.0
0,0.0
0,0.0
0,0.0
0,0.0
0,0.0
0,0.0
0,0.0
0,0.0
0,0.0
0,804.0
0,0.0
0,0.0
0,0.0
0,0.0
0,0.0
0,0.0
0,0.0
0,0.0
0,0.0
0,0.0
0,0.0
0,0.0
0,0.0
0,0.0
0,0.0
0,0.0
0,0.0
0,0.0
0,0.0
0,0.0
0,0.0
0,0.0
0,38.33333333
100,0.0
0,0.0
0,0.0
0,0.0
0,0.0
0,0.0
0,0.0
0,0.0
0,0.0
0,0.0
0,0.0
0,0.0
0,0.0
100,0.0
0,0.0
100,0.0
0,0.0
0,0.0
0,0.0
0,0.0
100,0.0
0,0.0
0,0.0
0,0.0
0,0.0
0,0.0
0,0.0
0,0.0
0,0.0
0,0.0
0,0.0
0,0.0
100,0.0
0,0.0
0,0.0
0,0.0
0,0.0
0,0.0
0,0.0
0,0.0
100,0.0
0,0.0
0,0.0
0,0.0
0,0.0
0,0.0
0,0.0
0,0.0
0,0.0
0,0.0
0,0.0
0,0.0
0,0.0
0,0.0
0,0.0
0,0.0
0,0.0
0,0.0
0,0.0
100,0.0
0,0.0
0,0.0
0,0.0
0,0.0
0,0.0
0,0.0
0,0.0
0,0.0
0,0.0
0,0.0
0,92.0
0,0.0
0,34.66666667
0,44.0
0,66.00000000000001
0,169.5
0,53.0
0,147.0
0,116.5
0,30.0
0,260.5
0,177.57142860000002
0,285.8571429
0,115.0
114,123.25000000000001
0,143.00000000000003
0,283.0
0,357.0
0,201.1666667
0,120.0
0,110.5
0,117.7142857
0,231.0
0,135.0
0,119.2
0,154.0
0,214.00000000000003
0,602.0000000000001
0,325.0
0,649.0
0,354.0
0,25.5
0,19.09090909
0,51.0
0,56.93023256
0,115.83333330000002
0,99.01265823
0,31.72
0,109.5066667
0,82.875
140,181.5
0,33.0
0,115.4482759
0,34.0
0,17.66666667
0,101.0930233
0,7.500000000000001
0,32.9
0,122.0
0,37.88888889
0,38.4
0,70.14285714
0,71.69230769
0,264.0
0,259.0
0,104.5
0,11.0
0,103.5
158,66.88888889
0,48.93333333
0,48.99999999999999
0,76.72727273
0,93.83333333
0,198.00000000000003
0,99.78465347
0,129.4361702
0,75.60000000000001
0,47.15384615
0,35.33333333
0,38.22222222
0,91.59999999999998
0,146.5
0,18.66666667
0,91.21428571000001
0,33.5
0,45.33333333
0,130.7916667
0,106.20000000000002
0,107.4
0,182.00000000000003
0,141.60000000000002
0,52.0
0,49.75000000000001
0,65.66666667
184,57.20000000000001
0,156.40000000000003
0,117.0
0,57.66666666999999
0,43.64179104
0,56.0
0,275.0
0,45.99999999999999
0,26.25
0,32.16666667
194,61.8
0,105.08333329999999
0,108.5
0,70.03846154
0,139.75000000000003
0,54.66666667
0,78.625
0,143.0
0,36.90909091
0,45.33333333000001
0,104.30921050000002
0,29.499999999999996
0,50.74999999999999
0,29.625
208,117.0
0,77.1
0,80.5
0,26.500000000000004
0,67.62463343
0,18.0
0,38.85714286
0,20.0
0,45.0
0,31.0
0,48.0
0,24.66666667
0,13.499999999999998
0,82.625
0,189.0
0,44.66666667
0,27.0
0,27.0
0,13.000000000000002
0,37.49999999999999
0,113.79999999999998
0,37.66666667
0,33.88888889
0,38.0
0,16.0
0,698.5
0,96.63636364000001
0,129.6666667
0,142.0
0,63.00000000000001
0,76.49999999999999
0,103.19999999999999
0,100.55555559999999
0,123.99999999999999
0,72.25000000000001
0,349.1666667
0,62.84090909
0,5.0
0,103.99999999999999
0,22.999999999999996
0,10.0
0,34.625
0,33.0
0,1002.9999999999999
0,0.0
0,69.4
0,20.5
0,42.4
0,65.00000000000001
0,25.4
0,19.0
0,144.3333333
0,45.4516129
0,135.1818182
0,25.88888889
0,26.0
0,29.636363640000003
0,211.79999999999998
0,28.0
0,33.0
0,130.7
0,20.0
0,37.53846154000001
0,55.33333333000001
0,46.4
0,82.00414938
0,45.99999999999999
0,176.2
0,141.9642857
0,322.0
0,365.0
0,367.0
0,197.8333333
0,98.0
0,14.999999999999998
0,80.33333333
0,122.0
0,119.0
0,111.8
0,6.666666667
0,42.75
0,157.0
0,61.00000000000001
0,69.0
0,82.66666666999998
0,145.6666667
0,178.4285714
0,188.6666667
0,61.2
0,68.16666667
0,80.0
0,92.5
0,53.33333333
0,28.25
0,59.0
0,110.62500000000001
0,23.44117647
0,151.7777778
0,54.00000000000001
0,33.33333333
0,81.0
0,38.00000000000001
0,16.0
0,79.11111111
0,149.6
0,64.51851851999999
0,26.66666667
0,61.15384615
0,217.0
0,141.99999999999997
0,123.00000000000001
0,41.0
0,159.5
0,199.0
0,193.5
0,9.25
0,35.64285714
0,37.82608696
0,205.0
0,189.0
0,250.0
0,80.85714286
0,108.0
0,21.81818182
0,121.0
0,55.5
0,43.03846153999999
0,44.00000000000001
0,21.0
0,0.0
0,36.5
0,61.0
0,73.9
0,41.5
0,89.0
0,272.0
0,133.39999999999998
0,127.0
0,281.0
0,19.0
0,65.55319149
0,30.66666667
0,18.75
0,64.0
0,29.6
0,99.0
0,127.0
0,185.5
0,121.49999999999999
0,106.25
0,56.0
0,53.5
0,188.0
0,115.49999999999999
0,30.0
0,81.75
0,63.0
0,93.2
0,151.99999999999997
0,180.0
0,135.0
0,0.0
0,17.0
0,47.00000000000001
0,57.49999999999999
0,24.0
0,16.0
0,205.99999999999997
0,67.33333333
0,87.25
0,65.5
0,208.0
0,157.0
0,115.6666667
0,19.000000000000004
380,112.0833333
381,208.0
382,210.0
383,59.75
384,181.0
384,0.0
385,66.25
386,64.5
387,54.50000000000001
388,113.00000000000001
389,442.6666667
390,144.5
391,174.0
392,152.0
393,54.49999999999999
394,45.0
395,28.999999999999996
396,96.15789474
397,53.5
398,61.0
399,8.25
400,105.5
401,165.0
402,108.0
403,37.12500000000001
404,127.0
405,54.49999999999999
406,64.0
407,40.0
408,56.9
409,102.25
410,34.0
411,30.000000000000004
412,41.0
413,37.0
414,36.0
415,78.71428570999998
416,100.3333333
417,96.0
418,88.99999999999999
419,46.375
420,31.750000000000004
421,9.333333333
422,49.0
423,10.42857143
424,43.0
425,19.428571430000005
426,24.71428571
427,141.0
428,139.0
429,72.35714286
430,40.50000000000001
431,55.33333333
432,71.0
433,39.0
434,54.00000000000001
435,56.333333329999995
436,62.5
437,165.0
438,183.0
439,189.5
440,128.0
441,73.0
442,307.0
443,71.0
444,24.999999999999996
445,61.0
446,58.00000000000001
447,19.999999999999996
448,18.0
449,157.75000000000003
450,159.0
451,82.0
452,153.0
453,35.99999999999999
454,85.5
455,89.75
456,53.0
457,48.0
458,48.00000000000001
459,15.333333330000002
460,26.33333333
461,27.000000000000004
462,15.66666667
463,56.19354839
464,86.125
465,114.3333333
466,132.5555556
467,112.5
468,101.3
468,0.0
469,4.733333333
470,72.71428571
471,63.59090908999999
472,12.468750000000002
473,133.0
474,6.379310345000001
475,86.54545455
476,68.89655172
477,76.0
478,74.72727273
479,47.0
480,97.14285714
481,19.0
482,43.25
483,56.25000000000001
484,61.649122809999994
485,56.26086957
486,93.66666667
487,60.0
488,16.90909091
489,64.69565217
490,15.000000000000002
491,38.44444444
492,118.25
493,23.0
494,144.5
495,22.0
496,38.8
497,60.49999999999999
498,108.36363640000002
499,93.12499999999999
0,0.0
0,102.0
0,113.0
3,232.5
4,46.08333333
0,91.0
6,69.0
7,210.5
8,89.5
9,21.0
10,21.0
0,21.0
12,19.0
0,27.000000000000004
14,27.0
15,229.2
0,54.5
0,163.0
18,123.09090909999999
0,180.6666667
0,0.0
0,53.0
22,31.230769229999996
23,128.2
0,62.88461538
25,2.0
0,64.875
27,34.0
0,121.5
29,53.0
30,27.66666667
31,39.85714286
0,96.0
0,44.0
34,24.999999999999996
0,379.0
0,126.0
0,0.0
0,50.0
0,0.0
0,43.74825175
39,46.28571429
40,32.0
41,45.33333333
0,77.0
43,109.8571429
44,103.6666667
45,38.66666667
0,72.0
47,61.49999999999999
48,52.7
0,31.0
50,132.0
51,38.0
52,8.0
0,11.18181818
0,0.0
0,118.46666670000002
56,22.0
57,39.0
0,273.3333333
59,38.0
0,13.66666667
0,215.0
0,216.0
0,113.0
64,29.0
0,272.0
66,23.0
67,219.99999999999997
0,448.00000000000006
0,595.0
0,604.0
0,350.00000000000006
0,27.0
73,19.0
0,16.75
0,41.99999999999999
76,240.0
0,181.8
0,85.50000000000001
79,139.0
0,174.0
0,348.00000000000006
82,34.875
0,40.5
84,84.66666667
0,207.66666670000004
0,52.16666667
87,56.8
88,0.0
0,3.0
90,12.0
0,108.6666667
0,67.71428570999998
92,0.0
92,0.0
0,0.0
92,0.0
0,0.0
92,0.0
92,0.0
92,0.0
0,0.0
92,0.0
0,0.0
0,0.0
92,0.0
0,0.0
0,0.0
92,0.0
0,0.0
0,0.0
92,0.0
0,0.0
0,0.0
0,0.0
92,0.0
0,0.0
0,0.0
92,0.0
0,0.0
92,0.0
0,0.0
0,0.0
92,0.0
92,0.0
0,0.0
0,0.0
0,0.0
0,0.0
0,0.0
0,0.0
0,0.0
0,0.0
92,0.0
0,0.0
92,0.0
92,0.0
92,0.0
0,0.0
0,0.0
93,0.0
0,0.0
0,0.0
93,0.0
93,0.0
0,0.0
0,0.0
93,0.0
0,0.0
0,0.0
0,0.0
0,0.0
93,0.0
93,0.0
93,0.0
93,0.0
0,0.0
0,0.0
0,0.0
0,0.0
0,0.0
0,0.0
0,0.0
93,0.0
0,0.0
0,0.0
93,0.0
0,0.0
0,0.0
0,0.0
0,0.0
93,0.0
0,0.0
93,0.0
0,0.0
0,0.0
0,0.0
0,0.0
93,0.0
0,0.0
0,0.0
0,0.0
0,0.0
0,0.0
0,0.0
0,0.0
93,0.0
93,0.0
93,0.0
0,0.0
0,0.0
0,0.0
0,0.0
0,0.0
0,0.0
0,0.0
0,0.0
93,0.0
93,0.0
0,0.0
0,0.0
0,0.0
93,0.0
0,0.0
0,0.0
0,0.0
0,0.0
0,0.0
0,0.0
0,0.0
0,0.0
0,0.0
0,0.0
0,0.0
0,0.0
0,0.0
93,0.0
93,0.0
0,0.0
0,0.0
0,0.0
0,0.0
0,0.0
0,0.0
93,0.0
0,0.0
0,0.0
93,0.0
93,0.0
0,0.0
93,0.0
0,0.0
0,0.0
0,0.0
0,0.0
0,0.0
0,0.0
0,0.0
0,0.0
0,0.0
0,0.0
0,0.0
0,0.0
0,0.0
0,0.0
0,0.0
0,0.0
0,0.0
0,0.0
0,0.0
0,0.0
0,0.0
0,0.0
0,0.0
0,0.0
0,0.0
0,0.0
0,0.0
0,0.0
0,0.0
0,148.0
0,0.0
94,0.0
0,0.0
0,0.0
0,0.0
0,0.0
0,0.0
95,0.0
0,0.0
0,0.0
0,0.0
0,0.0
0,0.0
0,0.0
0,0.0
95,0.0
0,0.0
0,0.0
0,0.0
0,0.0
0,0.0
0,0.0
95,0.0
0,0.0
0,0.0
0,0.0
0,0.0
0,0.0
0,0.0
0,0.0
0,0.0
0,0.0
0,0.0
0,0.0
0,0.0
0,0.0
0,0.0
95,0.0
0,0.0
95,0.0
0,0.0
0,0.0
0,0.0
0,0.0
0,0.0
0,0.0
0,0.0
0,0.0
0,0.0
0,0.0
0,0.0
0,0.0
0,0.0
0,0.0
0,0.0
0,0.0
0,0.0
0,0.0
0,0.0
0,0.0
0,198.5
0,0.0
0,0.0
0,0.0
0,0.0
0,0.0
96,0.0
0,0.0
96,0.0
0,0.0
0,0.0
96,0.0
96,0.0
0,0.0
96,0.0
0,0.0
96,0.0
0,0.0
0,0.0
0,0.0
0,0.0
0,0.0
0,0.0
0,0.0
0,0.0
0,0.0
0,0.0
96,0.0
96,0.0
0,0.0
0,0.0
0,0.0
0,0.0
0,0.0
0,0.0
0,0.0
0,0.0
0,0.0
0,0.0
0,0.0
0,0.0
0,0.0
0,0.0
0,0.0
0,0.0
0,0.0
0,0.0
0,0.0
0,0.0
0,0.0
96,0.0
0,0.0
0,0.0
0,0.0
0,0.0
0,0.0
0,0.0
0,0.0
0,0.0
0,0.0
0,0.0
0,0.0
0,0.0
0,0.0
0,0.0
96,0.0
0,0.0
0,0.0
0,0.0
0,0.0
0,0.0
0,0.0
0,0.0
0,0.0
0,0.0
0,0.0
0,0.0
0,0.0
0,0.0
0,0.0
96,0.0
0,0.0
0,0.0
0,0.0
0,0.0
0,0.0
0,0.0
0,0.0
0,0.0
0,0.0
0,0.0
0,0.0
0,0.0
0,0.0
0,0.0
0,0.0
0,0.0
0,0.0
0,0.0
0,0.0
0,0.0
0,0.0
0,0.0
0,0.0
0,0.0
0,0.0
0,0.0
0,0.0
0,0.0
0,0.0
0,0.0
0,0.0
0,0.0
0,0.0
0,0.0
0,0.0
0,0.0
0,0.0
0,0.0
0,0.0
0,0.0
0,0.0
0,0.0
0,0.0
0,0.0
0,0.0
0,0.0
0,0.0
0,0.0
0,383.99999999999994
0,0.0
0,0.0
0,0.0
0,0.0
0,0.0
97,0.0
0,0.0
97,0.0
0,0.0
0,0.0
0,0.0
0,0.0
0,0.0
0,0.0
0,0.0
0,0.0
0,0.0
0,0.0
0,0.0
0,0.0
0,0.0
0,0.0
0,0.0
0,0.0
0,0.0
0,0.0
0,0.0
0,0.0
0,0.0
0,0.0
0,0.0
0,0.0
0,0.0
0,0.0
0,0.0
0,0.0
0,0.0
0,0.0
0,0.0
0,0.0
0,0.0
0,0.0
0,0.0
0,0.0
0,0.0
0,0.0
0,0.0
0,804.0
0,0.0
0,0.0
0,0.0
0,0.0
0,0.0
0,0.0
0,0.0
0,0.0
0,0.0
0,0.0
0,0.0
0,0.0
0,0.0
0,0.0
0,0.0
0,0.0
0,0.0
0,0.0
0,241.99999999999997
0,0.0
0,0.0
0,0.0
0,38.33333333
100,0.0
0,0.0
0,0.0
0,0.0
0,0.0
0,0.0
0,0.0
0,0.0
0,0.0
0,0.0
0,0.0
0,0.0
0,0.0
100,0.0
0,0.0
100,0.0
0,0.0
0,0.0
0,0.0
0,0.0
100,0.0
0,0.0
0,0.0
0,0.0
0,0.0
0,0.0
0,0.0
0,0.0
0,0.0
0,0.0
0,0.0
0,0.0
100,0.0
0,0.0
0,0.0
0,0.0
0,0.0
0,0.0
0,0.0
0,0.0
100,0.0
0,0.0
0,0.0
0,0.0
0,0.0
0,0.0
0,0.0
0,0.0
0,0.0
0,0.0
0,0.0
0,0.0
0,0.0
0,0.0
0,0.0
0,0.0
0,0.0
0,0.0
0,0.0
100,0.0
0,0.0
0,0.0
0,0.0
0,0.0
0,0.0
0,0.0
0,0.0
0,0.0
0,0.0
0,0.0
0,92.0
0,0.0
0,34.66666667
0,44.0
0,66.00000000000001
0,169.5
0,53.0
0,147.0
0,116.5
0,30.0
0,260.5
0,177.57142860000002
0,285.8571429
0,115.0
114,123.25000000000001
0,143.00000000000003
0,283.0
0,357.0
0,201.1666667
0,120.0
0,110.5
0,117.7142857
0,231.0
0,135.0
0,119.2
0,154.0
0,214.00000000000003
0,602.0000000000001
0,325.0
0,649.0
0,354.0
0,25.5
0,19.09090909
0,51.0
0,56.93023256
0,115.83333330000002
0,99.01265823
0,31.72
0,109.5066667
0,82.875
140,181.5
0,33.0
0,115.4482759
0,34.0
0,17.66666667
0,101.0930233
0,7.500000000000001
0,32.9
0,122.0
0,37.88888889
0,38.4
0,70.14285714
0,71.69230769
0,264.0
0,259.0
0,104.5
0,11.0
0,103.5
158,66.88888889
0,48.93333333
0,48.99999999999999
0,76.72727273
0,93.83333333
0,198.00000000000003
0,99.78465347
0,129.4361702
0,75.60000000000001
0,47.15384615
0,35.33333333
0,38.22222222
0,91.59999999999998
0,146.5
0,18.66666667
0,91.21428571000001
0,33.5
0,45.33333333
0,130.7916667
0,106.20000000000002
0,107.4
0,182.00000000000003
0,141.60000000000002
0,52.0
0,49.75000000000001
0,65.66666667
184,57.20000000000001
0,156.40000000000003
0,117.0
0,57.66666666999999
0,43.64179104
0,56.0
0,275.0
0,45.99999999999999
0,26.25
0,32.16666667
194,61.8
0,105.08333329999999
0,108.5
0,70.03846154
0,139.75000000000003
0,54.66666667
0,78.625
0,143.0
0,36.90909091
0,45.33333333000001
0,104.30921050000002
0,29.499999999999996
0,50.74999999999999
0,29.625
208,117.0
0,77.1
0,80.5
0,26.500000000000004
0,67.62463343
0,18.0
0,38.85714286
0,20.0
0,45.0
0,31.0
0,48.0
0,24.66666667
0,13.499999999999998
0,82.625
0,189.0
0,44.66666667
0,27.0
0,27.0
0,13.000000000000002
0,37.49999999999999
0,113.79999999999998
0,37.66666667
0,33.88888889
0,38.0
0,16.0
0,698.5
0,96.63636364000001
0,129.6666667
0,142.0
0,63.00000000000001
0,76.49999999999999
0,103.19999999999999
0,100.55555559999999
0,123.99999999999999
0,72.25000000000001
0,349.1666667
0,62.84090909
0,5.0
0,103.99999999999999
0,22.999999999999996
0,10.0
0,34.625
0,33.0
0,1002.9999999999999
0,78.0
0,69.4
0,20.5
0,42.4
0,65.0
0,25.4
0,18.999999999999996
0,144.3333333
0,45.4516129
0,135.1818182
0,25.88888889
0,26.0
0,29.63636364
0,211.8
0,28.0
0,32.99999999999999
0,130.7
0,20.0
0,37.53846154
0,55.33333333
0,46.39999999999999
0,82.00414938
0,46.00000000000001
0,176.2
0,141.9642857
0,322.0
0,365.0
0,367.0
0,197.83333329999996
0,98.0
0,15.0
0,80.33333333
0,122.00000000000001
0,119.0
0,111.79999999999998
0,6.666666666999999
0,42.75
0,157.0
0,60.99999999999999
0,69.0
0,82.66666667
0,145.6666667
0,178.42857139999998
0,188.6666667
0,61.20000000000001
0,68.16666667000001
0,80.0
0,92.5
0,53.33333333
0,28.25
0,59.0
0,110.625
0,23.44117647
0,151.7777778
0,53.99999999999999
0,33.33333333
0,81.0
0,38.0
0,16.0
0,79.11111111
0,149.6
0,64.51851852
0,26.666666670000005
0,61.15384615
0,217.0
0,142.0
0,122.99999999999999
0,41.0
0,159.5
0,199.0
0,193.50000000000003
0,9.25
0,35.64285714
0,37.82608696
0,204.99999999999997
0,0.0
0,250.0
0,80.85714286
0,108.0
0,21.81818182
0,121.0
0,55.5
0,43.03846153999999
0,44.00000000000001
0,21.0
0,42.93421053000001
0,36.5
0,60.99999999999999
0,73.9
0,41.5
0,89.0
0,272.0
0,133.4
0,127.0
0,281.0
0,19.0
0,65.55319149
0,30.666666670000005
0,18.75
0,64.0
0,29.6
0,99.0
0,127.00000000000001
0,185.5
0,121.50000000000001
0,106.25000000000001
0,56.0
0,53.5
0,188.0
0,115.49999999999999
0,30.0
0,81.75
0,63.0
0,93.20000000000002
0,152.0
0,180.00000000000003
0,135.00000000000003
0,44.0
0,17.0
0,47.0
0,57.5
0,24.0
0,16.0
0,206.0
0,67.33333333
0,87.24999999999999
0,65.5
0,208.0
0,156.99999999999997
0,115.6666667
0,19.0
382,112.08333330000002
383,208.00000000000003
384,210.0
385,59.75
386,181.0
386,0.0
387,66.25
388,64.5
389,54.5
390,112.99999999999999
391,442.6666667
392,144.5
393,173.99999999999997
394,152.0
395,54.50000000000001
396,45.0
397,29.0
398,96.15789474
399,53.5
400,61.0
401,8.25
402,105.5
403,165.0
404,107.99999999999999
405,37.125
406,127.0
407,54.5
408,64.0
409,40.0
410,56.900000000000006
411,102.25000000000001
412,34.0
413,29.999999999999996
414,41.0
415,37.0
416,36.0
417,78.71428571
418,100.3333333
419,96.0
420,89.0
421,46.375
422,31.75
423,9.333333333
424,48.99999999999999
425,10.428571430000002
426,43.0
427,19.42857143
428,24.714285709999995
429,141.0
430,139.0
431,72.35714285999998
432,40.5
433,55.33333333000001
434,71.0
435,39.0
436,54.0
437,56.33333333
438,62.5
439,165.0
440,183.0
441,189.49999999999997
442,128.0
443,73.0
444,307.0
445,71.0
446,25.0
447,61.0
448,57.99999999999999
449,20.0
450,18.0
451,157.75
452,159.00000000000003
453,82.0
454,153.0
455,36.0
456,85.5
457,89.74999999999999
458,53.0
459,48.0
460,48.0
461,15.333333329999999
462,26.33333333
463,27.0
464,15.66666667
465,56.193548390000004
466,86.125
467,114.33333330000002
468,132.5555556
469,112.50000000000001
470,101.3
470,0.0
471,4.733333333
472,72.71428571
473,63.59090908999999
474,12.468749999999998
475,133.0
476,6.379310345
477,86.54545455
478,68.89655172
479,76.0
480,74.72727273
481,46.99999999999999
482,97.14285714
483,19.0
484,43.25
485,56.25
486,61.64912281
487,56.26086957
488,93.66666667
489,60.0
490,16.90909091
491,64.69565217
492,15.000000000000002
493,38.44444444
494,118.25
495,23.0
496,144.5
497,22.0
498,38.8
499,60.50000000000001
500,108.36363639999999
501,93.125
0,0.0
0,102.0
0,113.0
3,232.5
4,46.08333333
0,91.0
6,69.0
7,210.5
8,89.5
9,21.0
10,21.0
0,21.0
12,19.0
0,27.000000000000004
14,27.0
15,229.2
0,54.5
0,163.0
18,123.09090909999999
0,180.6666667
0,0.0
0,53.0
22,31.230769229999996
23,128.2
0,62.88461538
25,2.0
0,64.875
27,34.0
0,121.5
29,53.0
30,27.66666667
31,39.85714286
0,96.0
0,44.0
34,24.999999999999996
0,379.0
0,126.0
0,0.0
0,50.0
0,107.0
0,43.74825175
40,46.28571429
41,32.0
42,45.33333333
0,77.0
44,109.85714289999999
45,103.6666667
46,38.66666667
0,72.0
48,61.5
49,52.7
0,31.0
51,132.0
52,38.0
53,8.0
0,11.18181818
0,0.0
0,118.4666667
57,22.000000000000004
58,39.0
0,273.33333329999994
60,38.0
0,13.666666669999998
0,214.99999999999997
0,216.0
0,113.0
65,29.0
0,272.0
67,23.0
68,220.0
0,447.99999999999994
0,595.0
0,604.0
0,350.00000000000006
0,27.0
74,19.0
0,16.75
0,41.99999999999999
77,239.99999999999997
0,181.8
0,85.5
80,139.0
0,174.00000000000003
0,348.0
83,34.875
0,40.5
85,84.66666667
0,207.6666667
0,52.16666666999999
88,56.8
89,0.0
0,3.0
91,12.0
0,108.6666667
0,67.71428571
93,0.0
93,0.0
0,0.0
93,0.0
0,0.0
93,0.0
93,0.0
93,0.0
0,0.0
93,0.0
0,0.0
0,0.0
93,0.0
0,0.0
0,0.0
93,0.0
0,0.0
0,0.0
93,0.0
0,0.0
0,0.0
0,0.0
93,0.0
0,0.0
0,0.0
93,0.0
0,0.0
93,0.0
0,0.0
0,0.0
93,0.0
93,0.0
0,0.0
0,0.0
0,0.0
0,0.0
0,0.0
0,0.0
0,0.0
0,0.0
93,0.0
0,0.0
93,0.0
93,0.0
93,0.0
0,0.0
0,0.0
94,0.0
0,0.0
0,0.0
94,0.0
94,0.0
0,0.0
0,0.0
94,0.0
0,0.0
0,0.0
0,0.0
0,0.0
94,0.0
94,0.0
94,0.0
94,0.0
0,0.0
0,0.0
0,0.0
0,0.0
0,0.0
0,0.0
0,0.0
94,0.0
0,0.0
0,0.0
94,0.0
0,0.0
0,0.0
0,0.0
0,0.0
94,0.0
0,0.0
94,0.0
0,0.0
0,0.0
0,0.0
0,0.0
94,0.0
0,0.0
0,0.0
0,0.0
0,0.0
0,0.0
0,0.0
0,0.0
95,0.0
95,0.0
95,0.0
0,0.0
0,0.0
0,0.0
0,0.0
0,0.0
0,0.0
0,0.0
0,0.0
95,0.0
95,0.0
0,0.0
0,0.0
0,0.0
95,0.0
0,0.0
0,0.0
0,0.0
0,0.0
0,0.0
0,0.0
0,0.0
0,0.0
0,0.0
0,0.0
0,0.0
0,0.0
0,0.0
95,0.0
95,0.0
0,0.0
0,0.0
0,0.0
0,0.0
0,0.0
0,0.0
95,0.0
0,0.0
0,0.0
95,0.0
95,0.0
0,0.0
95,0.0
0,0.0
0,0.0
0,0.0
0,0.0
0,0.0
0,0.0
0,0.0
0,0.0
0,0.0
0,0.0
0,0.0
0,0.0
0,0.0
0,0.0
0,0.0
0,0.0
0,0.0
0,0.0
0,0.0
0,0.0
0,0.0
0,0.0
0,0.0
0,0.0
0,0.0
0,0.0
0,0.0
0,0.0
0,0.0
0,148.0
0,0.0
96,0.0
0,0.0
0,0.0
0,0.0
0,0.0
0,0.0
97,0.0
0,0.0
0,0.0
0,0.0
0,0.0
0,0.0
0,0.0
0,0.0
97,0.0
0,0.0
0,0.0
0,0.0
0,0.0
0,0.0
0,0.0
97,0.0
0,0.0
0,0.0
0,0.0
0,9.4
0,0.0
0,0.0
0,0.0
0,0.0
0,0.0
0,0.0
0,0.0
0,0.0
0,0.0
0,0.0
98,0.0
0,0.0
98,0.0
0,0.0
0,0.0
0,0.0
0,0.0
0,0.0
0,0.0
0,0.0
0,0.0
0,0.0
0,0.0
0,0.0
0,0.0
0,0.0
0,0.0
0,0.0
0,0.0
0,0.0
0,0.0
0,0.0
0,0.0
0,198.5
0,0.0
0,0.0
0,0.0
0,0.0
0,0.0
99,0.0
0,0.0
99,0.0
0,0.0
0,0.0
99,0.0
99,0.0
0,0.0
99,0.0
0,0.0
99,0.0
0,0.0
0,0.0
0,0.0
0,0.0
0,0.0
0,0.0
0,0.0
0,0.0
0,0.0
0,0.0
99,0.0
99,0.0
0,0.0
0,0.0
0,0.0
0,0.0
0,0.0
0,0.0
0,0.0
0,0.0
0,0.0
0,0.0
0,0.0
0,0.0
0,0.0
0,0.0
0,0.0
0,0.0
0,0.0
0,0.0
0,0.0
0,0.0
0,0.0
99,0.0
0,0.0
0,0.0
0,0.0
0,0.0
0,0.0
0,0.0
0,0.0
0,0.0
0,0.0
0,0.0
0,0.0
0,0.0
0,0.0
0,0.0
99,0.0
0,0.0
0,0.0
0,0.0
0,0.0
0,0.0
0,0.0
0,0.0
0,0.0
0,0.0
0,0.0
0,0.0
0,0.0
0,0.0
0,0.0
99,0.0
0,0.0
0,0.0
0,0.0
0,0.0
0,0.0
0,0.0
0,0.0
0,0.0
0,0.0
0,0.0
0,0.0
0,0.0
0,0.0
0,0.0
0,0.0
0,0.0
0,0.0
0,0.0
0,0.0
0,0.0
0,0.0
0,0.0
0,0.0
0,0.0
0,0.0
0,0.0
0,0.0
0,0.0
0,0.0
0,0.0
0,0.0
0,0.0
0,0.0
0,0.0
0,0.0
0,0.0
0,0.0
0,0.0
0,0.0
0,0.0
0,0.0
0,0.0
0,0.0
0,0.0
0,0.0
0,0.0
0,0.0
0,0.0
0,384.0
0,0.0
0,0.0
0,0.0
0,0.0
0,0.0
101,0.0
0,0.0
101,0.0
0,0.0
0,0.0
0,0.0
0,0.0
0,0.0
0,0.0
0,0.0
0,0.0
0,0.0
0,0.0
0,0.0
0,0.0
0,0.0
0,0.0
0,0.0
0,0.0
0,0.0
0,0.0
0,0.0
0,0.0
0,0.0
0,0.0
0,0.0
0,0.0
0,0.0
0,0.0
0,0.0
0,0.0
0,0.0
0,0.0
0,0.0
0,0.0
0,0.0
0,0.0
0,0.0
0,0.0
0,0.0
0,0.0
0,0.0
0,804.0
0,0.0
0,0.0
0,0.0
0,0.0
0,0.0
0,0.0
0,0.0
0,0.0
0,0.0
0,0.0
0,0.0
0,0.0
0,0.0
0,0.0
0,0.0
0,0.0
0,0.0
0,0.0
0,0.0
0,0.0
0,0.0
0,0.0
0,38.33333333
103,0.0
0,0.0
0,0.0
0,0.0
0,0.0
0,0.0
0,0.0
0,0.0
0,0.0
0,0.0
0,0.0
0,0.0
0,0.0
103,0.0
0,0.0
103,0.0
0,0.0
0,0.0
0,0.0
0,0.0
103,0.0
0,0.0
0,0.0
0,0.0
0,0.0
0,0.0
0,0.0
0,0.0
0,0.0
0,0.0
0,0.0
0,0.0
103,0.0
0,0.0
0,0.0
0,0.0
0,0.0
0,0.0
0,0.0
0,0.0
103,0.0
0,68.0
0,0.0
0,0.0
0,0.0
0,0.0
0,0.0
0,0.0
0,0.0
0,0.0
0,0.0
0,0.0
0,0.0
0,0.0
0,0.0
0,0.0
0,0.0
0,0.0
0,0.0
104,0.0
0,0.0
0,0.0
0,0.0
0,0.0
0,0.0
0,0.0
0,0.0
0,0.0
0,0.0
0,0.0
0,92.0
0,0.0
0,0.0
0,43.99999999999999
0,66.00000000000001
0,169.5
0,53.0
0,146.99999999999997
0,116.5
0,30.0
0,260.5
0,177.57142860000002
0,285.85714289999993
0,115.0
117,123.25
0,143.0
0,283.0
0,356.99999999999994
0,201.1666667
0,120.00000000000001
0,110.5
0,117.7142857
0,231.0
0,135.0
0,119.20000000000002
0,154.0
0,214.0
0,602.0
0,325.0
0,648.9999999999999
0,354.0
0,25.5
0,19.09090909
0,51.0
0,56.93023256
0,115.83333329999999
0,99.01265823
0,31.72
0,109.50666670000001
0,82.87500000000001
143,181.50000000000003
0,33.0
0,115.4482759
0,34.0
0,17.66666667
0,101.0930233
0,7.499999999999999
0,32.9
0,122.0
0,37.88888889
0,38.4
0,70.14285714
0,71.69230769
0,264.0
0,259.0
0,104.50000000000001
0,11.0
0,103.5
161,66.88888889000002
0,48.93333333
0,49.0
0,76.72727273000001
0,93.83333332999999
0,198.0
0,99.78465347
0,129.4361702
0,75.6
0,47.15384615
0,35.33333333000001
0,38.22222222
0,91.6
0,146.50000000000003
0,18.66666667
0,91.21428571
0,33.5
0,45.333333329999995
0,130.7916667
0,106.20000000000002
0,107.39999999999999
0,182.0
0,141.6
0,52.00000000000001
0,49.74999999999999
0,65.66666667
187,57.2
0,156.39999999999998
0,117.0
0,57.66666667
0,43.64179104
0,56.0
0,275.00000000000006
0,46.0
0,26.25
0,32.16666667
197,61.8
0,105.0833333
0,108.5
0,70.03846154000001
0,139.74999999999997
0,54.66666667
0,78.625
0,143.0
0,36.90909091
0,45.33333333
0,104.3092105
0,29.5
0,50.75000000000001
0,29.625
211,116.99999999999999
0,77.1
0,80.5
0,26.499999999999996
0,67.62463343
0,18.0
0,38.857142859999996
0,19.999999999999996
0,45.00000000000001
0,30.999999999999996
0,47.99999999999999
0,24.66666667
0,13.5
0,82.625
0,189.0
0,44.66666667
0,27.000000000000004
0,27.0
0,12.999999999999998
0,37.5
0,113.8
0,37.66666667
0,33.88888889
0,38.0
0,16.0
0,698.5
0,96.63636364000001
0,129.6666667
0,142.0
0,63.0
0,76.5
0,103.20000000000002
0,100.5555556
0,124.0
0,72.25
0,349.1666667
0,62.840909090000004
0,5.0
0,104.00000000000001
0,23.0
0,10.0
0,34.62499999999999
0,33.0
0,1003.0
0,78.0
0,69.4
0,20.5
0,42.4
0,65.0
0,25.399999999999995
0,19.0
0,144.3333333
0,45.4516129
0,135.1818182
0,25.888888890000004
0,26.000000000000004
0,29.636363640000003
0,211.80000000000004
0,27.999999999999996
0,33.0
0,130.7
0,20.0
0,37.53846154
0,55.33333333
0,46.4
0,82.00414937999999
0,46.0
0,176.19999999999996
0,141.9642857
0,322.00000000000006
0,365.00000000000006
0,367.0
0,197.8333333
0,98.0
0,15.0
0,80.33333332999999
0,122.0
0,119.00000000000001
0,111.8
0,6.666666666999999
0,42.75
0,157.0
0,61.00000000000001
0,69.0
0,82.66666667
0,145.6666667
0,178.4285714
0,188.6666667
0,61.20000000000001
0,68.16666666999998
0,79.99999999999999
0,92.5
0,53.333333329999995
0,28.249999999999996
0,58.99999999999999
0,110.625
0,23.441176470000002
0,151.77777779999997
0,54.0
0,33.33333333
0,81.0
0,37.99999999999999
0,16.0
0,79.11111111
0,149.60000000000002
0,64.51851852000001
0,26.666666669999998
0,61.15384614999999
0,217.0
0,142.0
0,123.0
0,41.0
0,159.5
0,199.00000000000003
0,193.5
0,9.25
0,35.64285714
0,37.82608696
0,204.99999999999997
0,189.0
0,249.99999999999997
0,80.85714286
0,107.99999999999999
0,21.81818182
0,121.0
0,55.5
0,43.03846154
0,44.0
0,21.0
0,42.93421053
0,36.50000000000001
0,61.00000000000001
0,73.9
0,41.5
0,89.0
0,272.0
0,133.4
0,126.99999999999999
0,281.0
0,19.0
0,65.55319149
0,30.666666669999998
0,18.749999999999996
0,64.0
0,29.6
0,99.0
0,127.0
0,185.49999999999997
0,121.5
0,106.25
0,56.00000000000001
0,53.49999999999999
0,188.0
0,115.50000000000001
0,30.000000000000004
0,81.75
0,63.0
0,93.20000000000002
0,152.0
0,180.0
0,135.0
0,44.0
0,17.0
0,47.0
0,57.50000000000001
0,24.000000000000004
0,16.0
0,206.0
0,67.33333333
0,87.25
0,65.5
0,208.0
0,157.0
0,115.66666670000001
0,19.0
386,112.08333330000002
387,208.0
388,210.0
389,59.75
390,181.0
390,0.0
391,66.25
392,64.5
393,54.49999999999999
394,112.99999999999999
395,442.6666667
396,144.50000000000003
397,174.0
398,152.00000000000003
399,54.5
400,44.99999999999999
401,29.000000000000004
402,96.15789473999999
403,53.5
404,61.0
405,8.25
406,105.5
407,165.0
408,108.0
409,37.125
410,127.0
411,54.5
412,63.99999999999999
413,40.00000000000001
414,56.900000000000006
415,102.25
416,34.0
417,30.0
418,41.0
419,37.0
420,36.0
421,78.71428571
422,100.33333330000002
423,96.0
424,89.0
425,46.37499999999999
426,31.750000000000004
427,9.333333333
428,49.0
429,10.428571430000002
430,43.0
431,19.428571429999998
432,24.71428571
433,141.0
434,139.0
435,72.35714286
436,40.5
437,55.33333333000001
438,71.00000000000001
439,39.0
440,53.99999999999999
441,56.33333333
442,62.5
443,164.99999999999997
444,183.0
445,189.5
446,128.0
447,73.0
448,307.0
449,71.0
450,25.0
451,61.0
452,58.0
453,20.0
454,18.0
455,157.75
456,159.0
457,82.0
458,153.0
459,36.0
460,85.49999999999999
461,89.75
462,53.0
463,48.0
464,48.00000000000001
465,15.33333333
466,26.33333333
467,26.999999999999996
468,15.66666667
469,56.19354839
470,86.125
471,114.3333333
472,132.55555560000002
473,112.5
474,101.30000000000001
474,0.0
475,4.733333333
476,72.71428571
477,63.590909090000004
478,12.46875
479,133.0
480,6.379310345
481,86.54545455
482,68.89655172
483,76.0
484,74.72727273
485,46.99999999999999
486,97.14285713999999
487,19.0
488,43.25000000000001
489,56.25
490,61.64912281000001
491,56.26086957
492,93.66666667
493,60.0
494,16.90909091
495,64.69565217
496,14.999999999999998
497,38.44444444
498,118.25
499,23.000000000000004
500,144.5
501,22.0
502,38.800000000000004
503,60.50000000000001
504,108.3636364
504,0.0
0,0.0
0,102.0
0,113.0
3,232.5
4,46.08333333
0,91.0
6,69.0
7,210.5
8,89.5
9,21.0
10,21.0
0,21.0
12,19.0
0,27.000000000000004
14,27.0
15,229.2
0,54.5
0,163.0
18,123.09090909999999
0,180.6666667
0,0.0
0,53.0
22,31.230769229999996
23,128.2
0,62.88461538
25,2.0
0,64.875
27,34.0
0,121.5
29,53.0
30,27.66666667
31,39.85714286
0,96.0
0,44.0
34,24.999999999999996
0,379.0
0,126.0
0,0.0
0,50.0
0,107.0
0,43.74825175
40,46.28571429
41,32.0
42,45.33333333
0,77.0
44,109.85714289999999
45,103.6666667
46,38.66666667
0,72.0
48,61.5
49,52.7
0,31.0
51,132.0
52,38.0
53,8.0
0,11.18181818
0,0.0
0,118.4666667
57,22.000000000000004
58,39.0
0,273.33333329999994
60,38.0
0,13.666666669999998
0,214.99999999999997
0,216.0
0,113.0
65,29.0
0,272.0
67,23.0
68,220.0
0,447.99999999999994
0,595.0
0,604.0
0,350.00000000000006
0,27.0
74,19.0
0,16.75
0,41.99999999999999
77,239.99999999999997
0,181.8
0,85.5
80,139.0
0,174.00000000000003
0,348.0
83,34.875
0,40.5
85,84.66666667
0,207.6666667
0,52.16666666999999
88,56.8
89,0.0
0,3.0
91,12.0
0,108.6666667
0,67.71428571
94,30.42857143
94,0.0
0,0.0
94,0.0
0,0.0
94,0.0
94,0.0
94,0.0
0,0.0
94,0.0
0,0.0
0,0.0
94,0.0
0,0.0
0,0.0
94,0.0
0,0.0
0,0.0
94,0.0
0,0.0
0,0.0
0,0.0
94,0.0
0,0.0
0,0.0
94,0.0
0,0.0
94,0.0
0,0.0
0,0.0
94,0.0
94,0.0
0,0.0
0,0.0
0,0.0
0,0.0
0,0.0
0,0.0
0,0.0
0,0.0
94,0.0
0,0.0
94,0.0
94,0.0
94,0.0
0,0.0
0,0.0
95,0.0
0,0.0
0,0.0
95,0.0
95,0.0
0,0.0
0,0.0
95,0.0
0,0.0
0,0.0
0,0.0
0,0.0
95,0.0
95,0.0
95,0.0
95,0.0
0,0.0
0,0.0
0,0.0
0,0.0
0,0.0
0,0.0
0,0.0
95,0.0
0,0.0
0,0.0
95,0.0
0,0.0
0,0.0
0,0.0
0,0.0
95,0.0
0,0.0
95,0.0
0,0.0
0,0.0
0,0.0
0,0.0
95,0.0
0,0.0
0,0.0
0,0.0
0,0.0
0,0.0
0,0.0
0,0.0
95,0.0
95,0.0
95,0.0
0,0.0
0,0.0
0,0.0
0,0.0
0,0.0
0,0.0
0,0.0
0,0.0
95,0.0
95,0.0
0,0.0
0,0.0
0,0.0
95,0.0
0,0.0
0,0.0
0,0.0
0,0.0
0,0.0
0,0.0
0,0.0
0,0.0
0,0.0
0,0.0
0,0.0
0,0.0
0,0.0
95,0.0
95,0.0
0,0.0
0,0.0
0,0.0
0,0.0
0,0.0
0,0.0
95,0.0
0,0.0
0,0.0
95,0.0
95,0.0
0,0.0
95,0.0
0,0.0
0,0.0
0,0.0
0,0.0
0,0.0
0,0.0
0,0.0
0,0.0
0,0.0
0,0.0
0,0.0
0,0.0
0,0.0
0,0.0
0,0.0
0,0.0
0,0.0
0,0.0
0,0.0
0,0.0
0,0.0
0,0.0
0,0.0
0,0.0
0,0.0
0,0.0
0,0.0
0,0.0
0,0.0
0,148.0
0,0.0
96,0.0
0,0.0
0,0.0
0,104.0
0,0.0
0,0.0
98,0.0
0,0.0
0,0.0
0,0.0
0,0.0
0,0.0
0,0.0
0,0.0
98,0.0
0,0.0
0,0.0
0,0.0
0,0.0
0,0.0
0,0.0
98,0.0
0,0.0
0,0.0
0,0.0
0,0.0
0,0.0
0,0.0
0,0.0
0,0.0
0,0.0
0,0.0
0,0.0
0,0.0
0,0.0
0,0.0
98,0.0
0,0.0
98,0.0
0,0.0
0,0.0
0,0.0
0,0.0
0,0.0
0,0.0
0,0.0
0,0.0
0,0.0
0,0.0
0,0.0
0,0.0
0,0.0
0,152.0
0,0.0
0,0.0
0,0.0
0,0.0
0,0.0
0,0.0
0,198.5
0,0.0
0,0.0
0,0.0
0,0.0
0,0.0
100,0.0
0,0.0
100,0.0
0,0.0
0,0.0
100,0.0
100,0.0
0,0.0
100,0.0
0,0.0
100,0.0
0,0.0
0,0.0
0,0.0
0,0.0
0,0.0
0,0.0
0,0.0
0,0.0
0,0.0
0,0.0
100,0.0
100,0.0
0,0.0
0,0.0
0,0.0
0,0.0
0,0.0
0,0.0
0,0.0
0,0.0
0,0.0
0,0.0
0,0.0
0,0.0
0,0.0
0,0.0
0,0.0
0,0.0
0,0.0
0,0.0
0,0.0
0,0.0
0,0.0
100,0.0
0,0.0
0,0.0
0,0.0
0,0.0
0,0.0
0,0.0
0,0.0
0,0.0
0,0.0
0,0.0
0,0.0
0,0.0
0,0.0
0,0.0
100,0.0
0,0.0
0,0.0
0,0.0
0,0.0
0,0.0
0,0.0
0,0.0
0,0.0
0,0.0
0,0.0
0,0.0
0,0.0
0,0.0
0,0.0
100,0.0
0,0.0
0,0.0
0,0.0
0,0.0
0,0.0
0,0.0
0,0.0
0,0.0
0,0.0
0,0.0
0,0.0
0,0.0
0,0.0
0,0.0
0,0.0
0,0.0
0,0.0
0,0.0
0,0.0
0,0.0
0,0.0
0,0.0
0,0.0
0,0.0
0,0.0
0,0.0
0,0.0
0,0.0
0,0.0
0,0.0
0,0.0
0,0.0
0,0.0
0,0.0
0,0.0
0,0.0
0,0.0
0,0.0
0,0.0
0,0.0
0,0.0
0,0.0
0,0.0
0,0.0
0,0.0
0,0.0
0,0.0
0,0.0
0,384.0
0,0.0
0,0.0
0,0.0
0,0.0
0,0.0
101,0.0
0,0.0
101,0.0
0,0.0
0,0.0
0,0.0
0,0.0
0,0.0
0,0.0
0,0.0
0,0.0
0,0.0
0,0.0
0,0.0
0,0.0
0,0.0
0,0.0
0,0.0
0,0.0
0,0.0
0,0.0
0,0.0
0,0.0
0,0.0
0,0.0
0,0.0
0,0.0
0,0.0
0,0.0
0,0.0
0,0.0
0,0.0
0,0.0
0,0.0
0,0.0
0,0.0
0,0.0
0,0.0
0,0.0
0,0.0
0,0.0
0,0.0
0,804.0
0,0.0
0,0.0
0,0.0
0,0.0
0,0.0
0,0.0
0,0.0
0,0.0
0,0.0
0,0.0
0,0.0
0,0.0
0,0.0
0,0.0
0,0.0
0,0.0
0,0.0
0,0.0
0,241.99999999999997
0,0.0
0,0.0
0,0.0
0,38.33333333
104,0.0
0,0.0
0,0.0
0,0.0
0,0.0
0,0.0
0,0.0
0,0.0
0,0.0
0,0.0
0,0.0
0,0.0
0,0.0
104,0.0
0,0.0
104,0.0
0,0.0
0,0.0
0,0.0
0,0.0
104,0.0
0,0.0
0,0.0
0,0.0
0,0.0
0,0.0
0,0.0
0,0.0
0,0.0
0,0.0
0,0.0
0,0.0
104,0.0
0,0.0
0,0.0
0,0.0
0,55.6
0,0.0
0,0.0
0,0.0
105,0.0
0,0.0
0,0.0
0,0.0
0,0.0
0,0.0
0,0.0
0,0.0
0,0.0
0,0.0
0,0.0
0,0.0
0,0.0
0,0.0
0,0.0
0,0.0
0,0.0
0,0.0
0,0.0
105,0.0
0,0.0
0,0.0
0,0.0
0,0.0
0,0.0
0,0.0
0,0.0
0,0.0
0,0.0
0,0.0
0,92.0
0,0.0
0,34.66666667
0,44.0
0,65.99999999999999
0,169.5
0,52.99999999999999
0,147.0
0,116.50000000000001
0,30.0
0,260.5
0,177.5714286
0,285.8571429
0,115.0
119,123.24999999999999
0,143.0
0,283.0
0,357.0
0,201.1666667
0,119.99999999999999
0,110.5
0,117.7142857
0,230.99999999999997
0,135.0
0,119.2
0,154.0
0,214.0
0,602.0
0,325.0
0,649.0
0,354.0
0,25.5
0,19.09090909
0,51.0
0,56.93023256
0,115.8333333
0,99.01265823
0,0.0
0,109.5066667
0,82.87499999999999
144,181.5
0,33.0
0,115.44827590000001
0,34.0
0,17.666666669999998
0,101.0930233
0,7.5
0,32.9
0,121.99999999999999
0,37.88888889
0,38.4
0,70.14285714
0,71.69230769
0,264.0
0,259.0
0,104.50000000000001
0,11.0
0,103.49999999999999
162,66.88888889
0,48.93333333
0,49.0
0,76.72727273000001
0,93.83333333
0,198.0
0,99.78465347
0,129.4361702
0,75.6
0,47.15384615
0,35.333333329999995
0,38.22222222
0,91.6
0,146.5
0,18.66666667
0,91.21428570999998
0,33.5
0,45.333333329999995
0,130.7916667
0,106.19999999999999
0,107.4
0,182.0
0,141.6
0,52.0
0,49.75
0,65.66666667
188,57.199999999999996
0,156.40000000000003
0,117.0
0,57.66666667
0,43.64179104
0,55.99999999999999
0,275.0
0,46.00000000000001
0,26.25
0,32.16666667
198,61.79999999999999
0,105.08333329999999
0,108.5
0,70.03846154
0,139.75
0,54.666666670000005
0,78.62499999999999
0,143.0
0,36.90909091
0,45.33333333
0,104.3092105
0,29.500000000000004
0,50.74999999999999
0,29.625
212,117.00000000000001
0,77.1
0,80.49999999999999
0,26.5
0,67.62463343
0,18.0
0,38.85714286
0,20.000000000000004
0,45.0
0,31.0
0,48.0
0,24.66666667
0,13.5
0,82.625
0,189.0
0,44.66666667
0,27.0
0,27.000000000000004
0,13.0
0,37.5
0,113.8
0,37.66666667
0,33.88888889
0,38.0
0,16.0
0,698.5
0,96.63636364
0,129.6666667
0,142.0
0,63.00000000000001
0,76.5
0,103.2
0,100.55555560000002
0,123.99999999999999
0,72.25
0,349.1666667
0,62.84090909
0,5.0
0,104.00000000000001
0,23.0
0,10.0
0,34.62500000000001
0,33.0
0,1003.0000000000001
0,78.0
0,69.39999999999999
0,20.5
0,42.4
0,65.0
0,25.4
0,19.000000000000004
0,144.3333333
0,45.4516129
0,135.1818182
0,25.88888889
0,25.999999999999996
0,29.63636364
0,211.8
0,28.000000000000004
0,33.0
0,130.69999999999996
0,20.0
0,37.53846154
0,55.33333333
0,46.400000000000006
0,82.00414938
0,46.0
0,176.2
0,141.9642857
0,321.99999999999994
0,364.99999999999994
0,367.00000000000006
0,197.8333333
0,98.0
0,15.0
0,80.33333333
0,122.0
0,119.00000000000001
0,111.80000000000001
0,6.666666667
0,42.75
0,157.0
0,61.0
0,69.0
0,82.66666667
0,145.6666667
0,178.4285714
0,188.66666669999998
0,61.2
0,68.16666667
0,80.0
0,92.50000000000001
0,53.33333333
0,28.25
0,58.99999999999999
0,110.625
0,23.44117647
0,151.77777780000002
0,54.0
0,33.33333333
0,81.0
0,38.0
0,16.0
0,79.11111111
0,149.6
0,64.51851852
0,26.66666667
0,61.15384615
0,217.0
0,142.00000000000003
0,123.00000000000001
0,41.0
0,159.5
0,199.0
0,193.5
0,9.25
0,35.642857140000004
0,37.82608696
0,205.0
0,189.0
0,249.99999999999997
0,80.85714286
0,108.0
0,21.81818182
0,121.0
0,55.5
0,43.03846154
0,44.0
0,21.0
0,42.93421053
0,36.5
0,60.99999999999999
0,73.9
0,41.5
0,89.0
0,272.00000000000006
0,133.39999999999998
0,127.0
0,281.0
0,19.0
0,65.55319149
0,30.66666667
0,18.75
0,64.0
0,29.6
0,99.0
0,127.00000000000001
0,185.5
0,121.50000000000001
0,106.25000000000001
0,56.0
0,53.50000000000001
0,187.99999999999997
0,115.50000000000001
0,30.000000000000004
0,81.75
0,63.00000000000001
0,93.2
0,152.0
0,180.00000000000003
0,135.0
0,44.0
0,17.0
0,47.0
0,57.5
0,24.0
0,16.0
0,206.0
0,67.33333333
0,87.25
0,65.5
0,208.00000000000003
0,157.0
0,115.6666667
0,19.0
387,112.0833333
388,208.0
389,210.0
390,59.75000000000001
391,181.0
391,0.0
392,66.25
393,64.5
394,54.5
395,113.00000000000001
396,442.6666667
397,144.5
398,173.99999999999997
399,152.0
400,54.49999999999999
401,44.99999999999999
402,28.999999999999996
403,96.15789474
404,53.5
405,60.99999999999999
406,8.25
407,105.5
408,165.0
409,108.0
410,37.12500000000001
411,127.0
412,54.5
413,64.0
414,40.0
415,56.9
416,102.25
417,34.0
418,30.0
419,41.0
420,37.0
421,36.0
422,78.71428570999998
423,100.3333333
424,95.99999999999999
425,88.99999999999999
426,46.375
427,31.75
428,9.333333333
429,48.99999999999999
430,10.42857143
431,43.0
432,19.42857143
433,24.714285709999995
434,141.00000000000003
435,139.0
436,72.35714286
437,40.5
438,55.33333333000001
439,71.0
440,38.99999999999999
441,54.00000000000001
442,56.33333333
443,62.50000000000001
444,165.0
445,183.00000000000003
446,189.5
447,128.0
448,73.0
449,307.0
450,71.0
451,25.0
452,60.99999999999999
453,57.99999999999999
454,20.0
455,18.0
456,157.75
457,159.0
458,82.0
459,153.0
460,36.0
461,85.5
462,89.75
463,53.0
464,48.00000000000001
465,48.0
466,15.33333333
467,26.333333330000002
468,27.0
469,15.66666667
470,56.193548390000004
471,86.125
472,114.33333329999999
473,132.5555556
474,112.50000000000001
475,101.3
475,0.0
476,4.733333333000001
477,72.71428571000001
478,63.59090909
479,12.46875
480,133.0
481,6.379310345
482,86.54545455
483,68.89655172
484,76.0
485,74.72727273
486,46.99999999999999
487,97.14285714
488,18.999999999999996
489,43.25
490,56.25000000000001
491,61.649122809999994
492,56.26086957
493,93.66666667
494,60.00000000000001
495,16.90909091
496,64.69565217
497,15.0
498,38.44444444
499,118.25000000000001
500,23.0
501,144.5
502,22.0
503,38.800000000000004
504,60.49999999999999
505,108.3636364
506,93.125
0,0.0
0,102.0
0,113.0
3,232.5
4,46.08333333
0,91.0
6,69.0
7,210.5
8,89.5
9,21.0
10,21.0
0,21.0
12,19.0
0,27.000000000000004
14,27.0
15,229.2
0,54.5
0,163.0
18,123.09090909999999
0,180.6666667
0,0.0
0,53.0
22,31.230769229999996
23,128.2
0,62.88461538
25,2.0
0,64.875
27,34.0
0,121.5
29,53.0
30,27.66666667
31,39.85714286
0,96.0
0,44.0
34,24.999999999999996
0,379.0
0,126.0
0,0.0
0,50.0
0,107.0
0,43.74825175
40,46.28571429
41,32.0
42,45.33333333
0,77.0
44,109.85714289999999
45,103.6666667
46,38.66666667
0,72.0
48,61.5
49,52.7
0,31.0
51,132.0
52,38.0
53,8.0
0,11.18181818
0,0.0
0,118.4666667
57,22.000000000000004
58,39.0
0,273.33333329999994
60,38.0
0,13.666666669999998
0,214.99999999999997
0,216.0
0,113.0
65,29.0
0,272.0
67,23.0
68,220.0
0,447.99999999999994
0,595.0
0,604.0
0,350.00000000000006
0,27.0
74,19.0
0,16.75
0,41.99999999999999
77,239.99999999999997
0,181.8
0,85.5
80,139.0
0,174.00000000000003
0,348.0
83,34.875
0,40.5
85,84.66666667
0,207.6666667
0,52.16666666999999
88,56.8
89,0.0
0,3.0
91,12.0
0,108.6666667
0,67.71428571
93,0.0
93,0.0
0,0.0
93,0.0
0,0.0
93,0.0
93,0.0
93,0.0
0,0.0
93,0.0
0,0.0
0,0.0
93,0.0
0,0.0
0,0.0
93,0.0
0,0.0
0,0.0
93,0.0
0,0.0
0,0.0
0,0.0
93,0.0
0,0.0
0,0.0
93,0.0
0,0.0
93,0.0
0,0.0
0,0.0
93,0.0
93,0.0
0,0.0
0,0.0
0,0.0
0,0.0
0,286.33333329999994
0,0.0
0,0.0
0,0.0
94,0.0
0,0.0
94,0.0
94,0.0
94,0.0
0,0.0
0,0.0
95,0.0
0,0.0
0,0.0
95,0.0
95,0.0
0,0.0
0,0.0
95,0.0
0,0.0
0,0.0
0,0.0
0,0.0
95,0.0
95,0.0
95,0.0
95,0.0
0,0.0
0,0.0
0,0.0
0,0.0
0,26.81818182
0,0.0
0,0.0
96,0.0
0,0.0
0,0.0
96,0.0
0,0.0
0,0.0
0,11.999999999999998
0,0.0
97,0.0
0,0.0
97,0.0
0,0.0
0,0.0
0,0.0
0,0.0
97,0.0
0,0.0
0,0.0
0,0.0
0,0.0
0,0.0
0,0.0
0,0.0
97,0.0
97,0.0
97,0.0
0,0.0
0,0.0
0,0.0
0,0.0
0,0.0
0,0.0
0,0.0
0,0.0
97,0.0
97,0.0
0,0.0
0,0.0
0,0.0
97,0.0
0,0.0
0,0.0
0,0.0
0,0.0
0,0.0
0,0.0
0,0.0
0,0.0
0,0.0
0,0.0
0,0.0
0,0.0
0,0.0
97,0.0
97,0.0
0,0.0
0,0.0
0,0.0
0,0.0
0,0.0
0,0.0
97,0.0
0,0.0
0,0.0
97,0.0
97,0.0
0,0.0
97,0.0
0,0.0
0,0.0
0,0.0
0,0.0
0,0.0
0,0.0
0,0.0
0,0.0
0,0.0
0,0.0
0,0.0
0,0.0
0,0.0
0,0.0
0,11.000000000000002
0,0.0
0,0.0
0,0.0
0,0.0
0,0.0
0,0.0
0,0.0
0,0.0
0,0.0
0,0.0
0,0.0
0,0.0
0,0.0
0,0.0
0,148.0
0,0.0
99,0.0
0,0.0
0,0.0
0,0.0
0,0.0
0,0.0
99,0.0
0,0.0
0,0.0
0,0.0
0,0.0
0,0.0
0,0.0
0,0.0
99,0.0
0,0.0
0,0.0
0,0.0
0,0.0
0,0.0
0,0.0
99,0.0
0,0.0
0,0.0
0,0.0
0,0.0
0,0.0
0,0.0
0,0.0
0,0.0
0,0.0
0,0.0
0,0.0
0,0.0
0,0.0
0,0.0
99,0.0
0,0.0
99,0.0
0,0.0
0,0.0
0,0.0
0,0.0
0,0.0
0,0.0
0,0.0
0,0.0
0,0.0
0,0.0
0,0.0
0,0.0
0,0.0
0,0.0
0,0.0
0,0.0
0,0.0
0,0.0
0,0.0
0,0.0
0,198.5
0,0.0
0,0.0
0,0.0
0,0.0
0,0.0
100,0.0
0,0.0
100,0.0
0,0.0
0,0.0
100,0.0
100,0.0
0,0.0
100,0.0
0,0.0
100,0.0
0,0.0
0,0.0
0,0.0
0,0.0
0,0.0
0,0.0
0,0.0
0,0.0
0,0.0
0,0.0
100,0.0
100,0.0
0,0.0
0,0.0
0,0.0
0,0.0
0,0.0
0,0.0
0,0.0
0,0.0
0,0.0
0,0.0
0,0.0
0,0.0
0,0.0
0,107.99999999999999
0,0.0
0,0.0
0,0.0
0,0.0
0,0.0
0,0.0
0,0.0
101,0.0
0,0.0
0,0.0
0,0.0
0,0.0
0,0.0
0,0.0
0,0.0
0,0.0
0,0.0
0,0.0
0,0.0
0,0.0
0,0.0
0,0.0
101,0.0
0,0.0
0,0.0
0,0.0
0,0.0
0,0.0
0,0.0
0,0.0
0,0.0
0,0.0
0,0.0
0,0.0
0,0.0
0,0.0
0,0.0
101,0.0
0,0.0
0,0.0
0,0.0
0,0.0
0,0.0
0,0.0
0,0.0
0,0.0
0,0.0
0,0.0
0,0.0
0,0.0
0,0.0
0,0.0
0,0.0
0,0.0
0,0.0
0,0.0
0,0.0
0,0.0
0,0.0
0,0.0
0,0.0
0,0.0
0,0.0
0,0.0
0,0.0
0,0.0
0,0.0
0,0.0
0,0.0
0,0.0
0,0.0
0,0.0
0,0.0
0,0.0
0,0.0
0,0.0
0,0.0
0,0.0
0,0.0
0,0.0
0,0.0
0,0.0
0,0.0
0,0.0
0,0.0
0,0.0
0,384.0
0,0.0
0,0.0
0,0.0
0,0.0
0,0.0
102,0.0
0,0.0
102,0.0
0,0.0
0,0.0
0,0.0
0,0.0
0,0.0
0,0.0
0,0.0
0,0.0
0,0.0
0,0.0
0,0.0
0,0.0
0,0.0
0,0.0
0,0.0
0,0.0
0,0.0
0,0.0
0,0.0
0,0.0
0,0.0
0,0.0
0,0.0
0,0.0
0,0.0
0,0.0
0,0.0
0,0.0
0,0.0
0,0.0
0,0.0
0,0.0
0,0.0
0,0.0
0,0.0
0,0.0
0,0.0
0,0.0
0,0.0
0,804.0
0,0.0
0,0.0
0,0.0
0,0.0
0,0.0
0,0.0
0,0.0
0,0.0
0,0.0
0,0.0
0,0.0
0,0.0
0,0.0
0,0.0
0,0.0
0,0.0
0,0.0
0,0.0
0,0.0
0,0.0
0,0.0
0,0.0
0,38.33333333
104,0.0
0,0.0
0,0.0
0,0.0
0,0.0
0,0.0
0,0.0
0,0.0
0,0.0
0,0.0
0,0.0
0,0.0
0,0.0
104,0.0
0,0.0
104,0.0
0,0.0
0,0.0
0,0.0
0,0.0
104,0.0
0,0.0
0,0.0
0,0.0
0,0.0
0,0.0
0,0.0
0,0.0
0,0.0
0,0.0
0,0.0
0,0.0
104,0.0
0,0.0
0,0.0
0,0.0
0,0.0
0,0.0
0,0.0
0,0.0
104,0.0
0,0.0
0,0.0
0,0.0
0,0.0
0,0.0
0,0.0
0,0.0
0,0.0
0,0.0
0,0.0
0,0.0
0,0.0
0,0.0
0,0.0
0,0.0
0,0.0
0,0.0
0,0.0
104,0.0
0,0.0
0,0.0
0,0.0
0,0.0
0,0.0
0,0.0
0,0.0
0,0.0
0,0.0
0,0.0
0,92.0
0,0.0
0,34.66666667
0,44.00000000000001
0,66.0
0,169.5
0,53.0
0,147.0
0,116.5
0,30.000000000000004
0,260.5
0,177.5714286
0,285.8571429
0,115.0
118,123.25
0,143.0
0,283.0
0,356.99999999999994
0,201.1666667
0,120.00000000000001
0,110.5
0,117.7142857
0,231.00000000000003
0,135.0
0,119.2
0,154.0
0,214.00000000000003
0,601.9999999999999
0,325.00000000000006
0,649.0
0,354.0
0,25.5
0,19.09090909
0,51.00000000000001
0,56.93023256
0,115.8333333
0,99.01265823
0,31.72
0,109.5066667
0,82.87499999999999
144,181.5
0,33.0
0,115.44827590000001
0,34.0
0,17.666666669999998
0,101.0930233
0,7.5
0,32.9
0,121.99999999999999
0,37.88888889
0,38.4
0,70.14285714
0,71.69230769
0,264.0
0,259.0
0,104.50000000000001
0,11.0
0,103.49999999999999
162,66.88888889
0,48.93333333
0,49.0
0,76.72727273000001
0,93.83333333
0,198.0
0,99.78465347
0,129.4361702
0,75.6
0,47.15384615
0,35.333333329999995
0,38.22222222
0,91.6
0,146.5
0,18.66666667
0,91.21428570999998
0,33.5
0,45.333333329999995
0,130.7916667
0,106.19999999999999
0,107.4
0,182.0
0,141.6
0,52.0
0,0.0
0,65.66666667
187,57.2
0,156.39999999999998
0,117.0
0,57.66666667
0,43.64179104
0,56.0
0,275.00000000000006
0,46.0
0,26.25
0,32.16666667
197,61.8
0,105.0833333
0,108.5
0,70.03846154000001
0,139.74999999999997
0,54.66666667
0,78.625
0,143.0
0,36.90909091
0,45.33333333
0,104.3092105
0,29.5
0,50.75000000000001
0,29.625
211,116.99999999999999
0,77.1
0,80.5
0,26.499999999999996
0,67.62463343
0,18.0
0,38.857142859999996
0,19.999999999999996
0,45.00000000000001
0,30.999999999999996
0,47.99999999999999
0,24.66666667
0,13.5
0,82.625
0,189.0
0,44.66666667
0,27.000000000000004
0,27.0
0,12.999999999999998
0,37.5
0,0.0
0,37.666666670000005
0,33.88888889
0,38.0
0,16.0
0,698.5
0,96.63636364
0,129.6666667
0,142.0
0,63.00000000000001
0,76.5
0,103.19999999999999
0,100.55555559999999
0,124.0
0,72.25000000000001
0,349.1666667
0,62.84090909
0,5.0
0,104.0
0,23.000000000000004
0,10.0
0,34.625
0,33.0
0,1002.9999999999999
0,78.0
0,69.4
0,20.5
0,42.4
0,65.0
0,25.399999999999995
0,19.0
0,144.3333333
0,45.4516129
0,135.18181820000004
0,25.888888889999997
0,26.0
0,29.636363639999995
0,211.8
0,28.0
0,33.0
0,130.7
0,20.0
0,37.53846154
0,55.33333333
0,46.4
0,82.00414938
0,46.0
0,176.2
0,141.9642857
0,322.0
0,365.0
0,367.00000000000006
0,197.8333333
0,97.99999999999999
0,15.0
0,80.33333333
0,122.0
0,119.00000000000001
0,111.8
0,6.666666667
0,42.75
0,157.0
0,61.0
0,69.0
0,82.66666666999998
0,145.6666667
0,178.4285714
0,188.6666667
0,61.20000000000001
0,68.16666667
0,80.0
0,92.5
0,53.33333333
0,28.25
0,59.00000000000001
0,110.625
0,23.44117647
0,151.7777778
0,54.0
0,33.333333329999995
0,81.0
0,38.0
0,16.0
0,79.11111111
0,149.6
0,64.51851852
0,26.66666667
0,61.15384615000001
0,217.0
0,142.00000000000003
0,123.0
0,41.00000000000001
0,159.5
0,199.0
0,193.5
0,9.25
0,35.64285714
0,37.82608696
0,205.0
0,189.00000000000003
0,250.0
0,80.85714286
0,108.0
0,21.818181819999996
0,120.99999999999999
0,55.50000000000001
0,43.03846153999999
0,44.00000000000001
0,21.0
0,42.93421053
0,36.5
0,61.0
0,73.9
0,41.5
0,89.0
0,272.0
0,133.4
0,127.0
0,281.0
0,19.0
0,65.55319149
0,30.66666667
0,18.75
0,64.0
0,29.599999999999998
0,98.99999999999999
0,127.00000000000001
0,185.50000000000003
0,121.5
0,106.24999999999999
0,56.0
0,53.5
0,188.0
0,115.5
0,30.0
0,81.75
0,63.0
0,93.19999999999999
0,152.0
0,180.00000000000003
0,135.0
0,44.0
0,17.0
0,47.0
0,57.5
0,24.0
0,16.0
0,206.0
0,67.33333333000002
0,87.25
0,65.5
0,208.0
0,157.0
0,115.66666669999998
0,19.0
385,112.0833333
386,208.0
387,210.00000000000003
388,59.75
389,180.99999999999997
389,0.0
390,66.25
391,64.5
392,54.5
393,113.0
394,442.6666667
395,144.5
396,174.0
397,152.0
398,54.50000000000001
399,45.0
400,29.000000000000004
401,96.15789474
402,53.5
403,61.00000000000001
404,8.25
405,105.50000000000001
406,165.0
407,107.99999999999999
408,37.125
409,127.0
410,54.5
411,64.0
412,40.0
413,56.9
414,102.25
415,34.0
416,29.999999999999996
417,41.00000000000001
418,37.0
419,36.0
420,78.71428570999998
421,100.3333333
422,96.00000000000001
423,89.0
424,46.375
425,31.75
426,9.333333333
427,49.00000000000001
428,10.42857143
429,43.0
430,19.42857143
431,24.714285710000002
432,141.0
433,139.0
434,72.35714286
435,40.5
436,55.33333333
437,71.0
438,39.00000000000001
439,54.0
440,56.33333333
441,62.5
442,165.0
443,183.0
444,189.5
445,128.0
446,73.0
447,307.0
448,71.00000000000001
449,25.0
450,61.00000000000001
451,58.0
452,20.0
453,17.999999999999996
454,157.75
455,159.0
456,82.0
457,153.0
458,36.0
459,85.5
460,89.75
461,53.0
462,48.0
463,48.0
464,15.333333330000002
465,26.333333330000002
466,27.0
467,15.66666667
468,56.193548390000004
469,86.12499999999999
470,114.33333330000002
471,132.5555556
472,112.49999999999999
473,101.30000000000001
473,0.0
474,4.733333333
475,72.71428571
476,63.59090909
477,12.468749999999998
478,133.0
479,6.379310345
480,86.54545455
481,68.89655172
482,76.0
483,74.72727273
484,47.00000000000001
485,97.14285714
486,19.0
487,43.25
488,56.25
489,61.64912281
490,56.26086957
491,93.66666667
492,60.00000000000001
493,16.90909091
494,64.69565217
495,15.0
496,38.44444444
497,118.25000000000001
498,23.000000000000004
499,144.5
500,22.000000000000004
501,38.8
502,60.5
503,108.3636364
504,93.12499999999999
0,0.0
0,102.0
0,113.0
3,232.5
4,46.08333333
0,91.0
6,69.0
7,210.5
8,89.5
9,21.0
10,21.0
0,21.0
12,19.0
0,27.000000000000004
14,27.0
15,229.2
0,54.5
0,163.0
18,123.09090909999999
0,180.6666667
0,0.0
0,53.0
22,31.230769229999996
23,128.2
0,62.88461538
25,2.0
0,64.875
27,34.0
0,121.5
29,53.0
30,27.66666667
31,39.85714286
0,96.0
0,44.0
34,24.999999999999996
0,379.0
0,126.0
0,0.0
0,50.0
0,107.0
0,43.74825175
40,46.28571429
41,32.0
42,45.33333333
0,77.0
44,109.85714289999999
45,103.6666667
46,38.66666667
0,72.0
48,61.5
49,52.7
0,31.0
51,132.0
52,38.0
53,8.0
0,11.18181818
0,0.0
0,118.4666667
57,22.000000000000004
58,39.0
0,273.33333329999994
60,38.0
0,13.666666669999998
0,214.99999999999997
0,216.0
0,113.0
65,29.0
0,272.0
67,23.0
68,220.0
0,447.99999999999994
0,595.0
0,604.0
0,350.00000000000006
0,27.0
74,19.0
0,16.75
0,41.99999999999999
77,239.99999999999997
0,181.8
0,85.5
80,139.0
0,174.00000000000003
0,348.0
83,34.875
0,40.5
85,84.66666667
0,207.6666667
0,52.16666666999999
88,56.8
89,0.0
0,3.0
91,12.0
0,108.6666667
0,67.71428571
93,0.0
93,0.0
0,0.0
93,0.0
0,0.0
93,0.0
93,0.0
93,0.0
0,0.0
93,0.0
0,0.0
0,0.0
93,0.0
0,0.0
0,0.0
93,0.0
0,0.0
0,0.0
93,0.0
0,0.0
0,0.0
0,0.0
93,0.0
0,0.0
0,0.0
93,0.0
0,0.0
93,0.0
0,0.0
0,0.0
93,0.0
93,0.0
0,0.0
0,0.0
0,0.0
0,0.0
0,0.0
0,0.0
0,0.0
0,0.0
93,0.0
0,0.0
93,0.0
93,0.0
93,0.0
0,0.0
0,0.0
94,0.0
0,0.0
0,0.0
94,0.0
94,0.0
0,0.0
0,0.0
94,0.0
0,0.0
0,0.0
0,0.0
0,0.0
94,0.0
94,0.0
94,0.0
94,0.0
0,0.0
0,0.0
0,0.0
0,0.0
0,0.0
0,0.0
0,0.0
94,0.0
0,0.0
0,0.0
94,0.0
0,0.0
0,0.0
0,0.0
0,0.0
94,0.0
0,0.0
94,0.0
0,0.0
0,0.0
0,0.0
0,0.0
94,0.0
0,0.0
0,0.0
0,0.0
0,0.0
0,0.0
0,0.0
0,0.0
94,0.0
94,0.0
94,0.0
0,0.0
0,0.0
0,0.0
0,0.0
0,0.0
0,0.0
0,0.0
0,0.0
94,0.0
94,0.0
0,0.0
0,0.0
0,0.0
94,0.0
0,0.0
0,0.0
0,0.0
0,0.0
0,0.0
0,0.0
0,0.0
0,0.0
0,0.0
0,0.0
0,0.0
0,0.0
0,0.0
94,0.0
94,0.0
0,0.0
0,0.0
0,0.0
0,0.0
0,0.0
0,0.0
94,0.0
0,0.0
0,0.0
94,0.0
94,0.0
0,0.0
94,0.0
0,0.0
0,0.0
0,0.0
0,0.0
0,0.0
0,0.0
0,0.0
0,0.0
0,0.0
0,0.0
0,0.0
0,0.0
0,0.0
0,0.0
0,0.0
0,0.0
0,0.0
0,0.0
0,0.0
0,0.0
0,0.0
0,0.0
0,0.0
0,0.0
0,0.0
0,0.0
0,0.0
0,0.0
0,0.0
0,148.0
0,0.0
95,0.0
0,0.0
0,0.0
0,0.0
0,0.0
0,0.0
96,0.0
0,0.0
0,0.0
0,0.0
0,0.0
0,0.0
0,0.0
0,0.0
96,0.0
0,0.0
0,0.0
0,0.0
0,0.0
0,0.0
0,0.0
96,0.0
0,0.0
0,0.0
0,0.0
0,0.0
0,0.0
0,0.0
0,0.0
0,0.0
0,0.0
0,0.0
0,0.0
0,0.0
0,0.0
0,0.0
96,0.0
0,0.0
96,0.0
0,0.0
0,0.0
0,0.0
0,0.0
0,0.0
0,0.0
0,0.0
0,0.0
0,0.0
0,0.0
0,0.0
0,0.0
0,0.0
0,0.0
0,0.0
0,0.0
0,0.0
0,0.0
0,0.0
0,0.0
0,198.50000000000003
0,0.0
0,0.0
0,0.0
0,0.0
0,0.0
97,0.0
0,0.0
97,0.0
0,0.0
0,0.0
97,0.0
97,0.0
0,0.0
97,0.0
0,0.0
97,0.0
0,0.0
0,0.0
0,0.0
0,0.0
0,0.0
0,0.0
0,0.0
0,0.0
0,0.0
0,0.0
97,0.0
97,0.0
0,0.0
0,0.0
0,0.0
0,0.0
0,0.0
0,0.0
0,0.0
0,0.0
0,0.0
0,0.0
0,0.0
0,0.0
0,0.0
0,0.0
0,0.0
0,0.0
0,0.0
0,0.0
0,0.0
0,0.0
0,0.0
97,0.0
0,0.0
0,0.0
0,0.0
0,0.0
0,0.0
0,0.0
0,0.0
0,0.0
0,0.0
0,0.0
0,0.0
0,0.0
0,0.0
0,0.0
97,0.0
0,0.0
0,0.0
0,0.0
0,0.0
0,0.0
0,0.0
0,0.0
0,0.0
0,0.0
0,0.0
0,0.0
0,0.0
0,0.0
0,0.0
97,0.0
0,0.0
0,0.0
0,0.0
0,0.0
0,0.0
0,0.0
0,0.0
0,0.0
0,0.0
0,0.0
0,0.0
0,0.0
0,0.0
0,0.0
0,0.0
0,0.0
0,0.0
0,0.0
0,0.0
0,0.0
0,0.0
0,0.0
0,0.0
0,0.0
0,0.0
0,0.0
0,0.0
0,0.0
0,0.0
0,0.0
0,0.0
0,0.0
0,0.0
0,0.0
0,0.0
0,0.0
0,0.0
0,0.0
0,0.0
0,0.0
0,0.0
0,0.0
0,0.0
0,0.0
0,0.0
0,0.0
0,0.0
0,0.0
0,384.00000000000006
0,0.0
0,0.0
0,0.0
0,0.0
0,0.0
98,0.0
0,0.0
98,0.0
0,0.0
0,0.0
0,0.0
0,0.0
0,0.0
0,0.0
0,0.0
0,0.0
0,0.0
0,0.0
0,0.0
0,0.0
0,0.0
0,0.0
0,0.0
0,0.0
0,0.0
0,0.0
0,0.0
0,0.0
0,0.0
0,0.0
0,0.0
0,0.0
0,0.0
0,0.0
0,0.0
0,0.0
0,0.0
0,0.0
0,0.0
0,0.0
0,0.0
0,0.0
0,0.0
0,0.0
0,0.0
0,0.0
0,0.0
0,804.0
0,0.0
0,0.0
0,0.0
0,0.0
0,0.0
0,0.0
0,0.0
0,0.0
0,0.0
0,0.0
0,0.0
0,0.0
0,0.0
0,0.0
0,0.0
0,0.0
0,0.0
0,0.0
0,0.0
0,0.0
0,0.0
0,0.0
0,38.33333333
100,0.0
0,0.0
0,0.0
0,0.0
0,0.0
0,0.0
0,0.0
0,0.0
0,0.0
0,0.0
0,0.0
0,0.0
0,0.0
100,0.0
0,0.0
100,0.0
0,0.0
0,0.0
0,0.0
0,0.0
100,0.0
0,0.0
0,0.0
0,0.0
0,0.0
0,0.0
0,0.0
0,0.0
0,0.0
0,0.0
0,0.0
0,0.0
100,0.0
0,0.0
0,0.0
0,0.0
0,0.0
0,0.0
0,0.0
0,0.0
100,0.0
0,0.0
0,0.0
0,0.0
0,0.0
0,0.0
0,0.0
0,0.0
0,0.0
0,0.0
0,0.0
0,0.0
0,0.0
0,0.0
0,0.0
0,0.0
0,0.0
0,0.0
0,0.0
100,0.0
0,0.0
0,0.0
0,0.0
0,0.0
0,0.0
0,0.0
0,0.0
0,0.0
0,0.0
0,0.0
0,92.0
0,0.0
0,34.66666667
0,44.0
0,66.00000000000001
0,169.5
0,53.0
0,147.0
0,116.5
0,30.0
0,260.5
0,177.57142860000002
0,285.8571429
0,115.0
114,123.25000000000001
0,143.00000000000003
0,283.0
0,357.0
0,201.1666667
0,120.0
0,110.5
0,117.7142857
0,231.0
0,135.0
0,119.2
0,154.0
0,214.00000000000003
0,602.0000000000001
0,325.0
0,649.0
0,354.0
0,25.5
0,19.09090909
0,51.0
0,56.93023256
0,115.83333330000002
0,99.01265823
0,31.72
0,109.5066667
0,82.875
140,181.5
0,33.0
0,115.4482759
0,34.0
0,17.66666667
0,101.0930233
0,7.500000000000001
0,32.9
0,122.0
0,37.88888889
0,38.4
0,70.14285714
0,71.69230769
0,264.0
0,259.0
0,104.5
0,11.0
0,103.5
158,66.88888889
0,48.93333333
0,48.99999999999999
0,76.72727273
0,93.83333333
0,198.00000000000003
0,99.78465347
0,129.4361702
0,75.60000000000001
0,47.15384615
0,35.33333333
0,38.22222222
0,91.59999999999998
0,146.5
0,18.66666667
0,91.21428571000001
0,33.5
0,45.33333333
0,130.7916667
0,106.20000000000002
0,107.4
0,182.00000000000003
0,141.60000000000002
0,52.0
0,49.75000000000001
0,65.66666667
184,57.20000000000001
0,156.40000000000003
0,117.0
0,57.66666666999999
0,43.64179104
0,0.0
0,275.0
0,46.00000000000001
0,26.25
0,32.16666667
193,61.8
0,105.0833333
0,108.5
0,70.03846154
0,139.75000000000003
0,54.66666667
0,78.625
0,143.00000000000003
0,36.90909091
0,45.333333329999995
0,104.3092105
0,29.499999999999996
0,50.75
0,29.625
207,117.00000000000001
0,77.1
0,80.5
0,26.5
0,67.62463343
0,18.0
0,38.85714286
0,20.000000000000004
0,45.0
0,31.0
0,48.0
0,24.666666669999998
0,13.5
0,0.0
0,189.0
0,44.66666667
0,27.0
0,27.0
0,13.0
0,37.5
0,113.80000000000001
0,37.666666670000005
0,33.88888889
0,38.0
0,16.0
0,698.5
0,96.63636364
0,129.6666667
0,142.0
0,63.0
0,76.49999999999999
0,103.2
0,100.5555556
0,124.0
0,72.25000000000001
0,349.1666667
0,62.84090909
0,5.0
0,104.0
0,23.0
0,10.0
0,34.625
0,33.0
0,1003.0000000000001
0,78.0
0,69.4
0,20.5
0,42.4
0,65.0
0,25.4
0,19.0
0,144.3333333
0,45.4516129
0,135.1818182
0,25.88888889
0,26.000000000000004
0,29.636363640000003
0,211.8
0,28.0
0,32.99999999999999
0,130.7
0,20.0
0,37.53846154
0,55.333333329999995
0,46.4
0,82.00414938
0,46.0
0,176.2
0,141.9642857
0,322.0
0,365.0
0,367.0
0,197.8333333
0,98.0
0,15.0
0,80.33333333
0,121.99999999999999
0,119.0
0,111.8
0,6.666666667000001
0,42.75
0,156.99999999999997
0,61.0
0,69.0
0,82.66666667
0,145.6666667
0,178.4285714
0,188.6666667
0,61.2
0,68.16666667
0,79.99999999999999
0,92.49999999999999
0,53.33333333
0,28.250000000000004
0,59.00000000000001
0,110.62500000000001
0,23.441176470000002
0,151.7777778
0,54.0
0,33.33333333
0,81.0
0,38.0
0,16.0
0,79.11111111
0,149.6
0,64.51851852
0,26.66666667
0,61.15384615
0,217.00000000000003
0,142.0
0,122.99999999999999
0,41.0
0,159.50000000000003
0,199.0
0,193.5
0,9.25
0,35.64285714
0,37.82608696
0,204.99999999999997
0,189.0
0,250.0
0,80.85714286
0,107.99999999999999
0,21.81818182
0,121.00000000000001
0,55.5
0,43.03846154
0,44.0
0,21.0
0,42.93421053000001
0,36.5
0,61.0
0,73.9
0,41.5
0,89.0
0,272.0
0,133.39999999999998
0,127.0
0,281.0
0,19.0
0,65.55319149
0,30.66666667
0,18.75
0,64.0
0,29.6
0,99.0
0,127.0
0,185.5
0,121.49999999999999
0,106.25
0,56.0
0,53.5
0,188.0
0,115.49999999999999
0,30.0
0,81.75
0,63.0
0,93.2
0,151.99999999999997
0,180.0
0,135.0
0,44.0
0,17.0
0,47.0
0,57.5
0,24.0
0,16.0
0,205.99999999999997
0,67.33333333
0,87.25
0,65.5
0,208.0
0,157.0
0,115.6666667
0,19.0
381,112.08333330000002
382,208.0
383,210.0
384,59.75
385,181.00000000000003
385,0.0
386,66.25
387,64.5
388,54.5
389,113.00000000000001
390,442.6666667
391,144.5
392,174.0
393,151.99999999999997
394,54.5
395,45.0
396,29.0
397,96.15789473999999
398,53.5
399,61.0
400,8.25
401,105.5
402,164.99999999999997
403,108.00000000000001
404,37.125
405,126.99999999999999
406,54.5
407,64.0
408,40.00000000000001
409,56.9
410,102.24999999999999
411,34.0
412,30.000000000000004
413,41.00000000000001
414,37.0
415,36.0
416,78.71428571000001
417,100.3333333
418,95.99999999999999
419,89.00000000000001
420,46.375
421,31.75
422,9.333333333
423,49.0
424,10.42857143
425,43.0
426,19.42857143
427,24.71428571
428,141.0
429,139.0
430,72.35714286
431,40.5
432,55.33333333
433,71.0
434,39.0
435,54.0
436,56.33333333
437,62.50000000000001
438,164.99999999999997
439,183.0
440,189.50000000000003
441,128.0
442,73.0
443,307.0
444,71.0
445,25.0
446,61.0
447,57.99999999999999
448,20.0
449,18.0
450,157.74999999999997
451,159.0
452,82.0
453,153.0
454,36.0
455,85.5
456,89.75
457,53.00000000000001
458,48.00000000000001
459,48.0
460,15.33333333
461,26.333333329999995
462,27.0
463,15.66666667
464,56.19354838999999
465,86.12500000000001
466,114.33333329999999
467,132.5555556
468,112.49999999999999
469,101.3
469,0.0
470,4.733333333
471,72.71428571
472,63.59090908999999
473,12.468749999999998
474,133.0
475,6.379310345
476,86.54545455
477,68.89655172
478,76.0
479,74.72727273
480,47.0
481,97.14285714
482,19.0
483,43.25
484,56.25
485,61.64912281
486,56.26086957
487,93.66666667
488,60.00000000000001
489,16.90909091
490,64.69565217000002
491,15.0
492,38.44444444
493,118.25
494,22.999999999999996
495,144.5
496,21.999999999999996
497,38.8
498,60.5
499,108.36363640000002
500,93.125
0,0.0
0,102.0
0,113.0
3,232.5
4,46.08333333
0,91.0
6,69.0
7,210.5
8,89.5
9,21.0
10,21.0
0,21.0
12,19.0
0,27.000000000000004
14,27.0
15,229.2
0,54.5
0,163.0
18,123.09090909999999
0,180.6666667
0,0.0
0,53.0
22,31.230769229999996
23,128.2
0,62.88461538
25,2.0
0,64.875
27,34.0
0,121.5
29,53.0
30,27.66666667
31,39.85714286
0,96.0
0,44.0
34,24.999999999999996
0,379.0
0,126.0
0,0.0
0,50.0
0,107.0
0,43.74825175
40,46.28571429
41,32.0
42,45.33333333
0,77.0
44,109.85714289999999
45,103.6666667
46,38.66666667
0,72.0
48,61.5
49,52.7
0,31.0
51,132.0
52,38.0
53,8.0
0,11.18181818
0,0.0
0,118.4666667
57,22.000000000000004
58,39.0
0,273.33333329999994
60,38.0
0,13.666666669999998
0,214.99999999999997
0,216.0
0,113.0
65,29.0
0,272.0
67,23.0
68,220.0
0,447.99999999999994
0,595.0
0,604.0
0,350.00000000000006
0,27.0
74,19.0
0,16.75
0,41.99999999999999
77,239.99999999999997
0,181.8
0,85.5
80,139.0
0,174.00000000000003
0,348.0
83,34.875
0,40.5
85,84.66666667
0,207.6666667
0,52.16666666999999
88,56.8
89,0.0
0,3.0
91,12.0
0,108.6666667
0,67.71428571
93,0.0
93,0.0
0,0.0
93,0.0
0,0.0
93,0.0
93,0.0
93,0.0
0,0.0
93,0.0
0,0.0
0,0.0
93,0.0
0,0.0
0,0.0
93,0.0
0,0.0
0,0.0
93,0.0
0,0.0
0,0.0
0,0.0
93,0.0
0,0.0
0,0.0
93,0.0
0,0.0
93,0.0
0,0.0
0,0.0
93,0.0
93,0.0
0,0.0
0,0.0
0,0.0
0,0.0
0,0.0
0,0.0
0,0.0
0,0.0
93,0.0
0,0.0
93,0.0
93,0.0
93,0.0
0,0.0
0,0.0
94,0.0
0,0.0
0,0.0
94,0.0
94,0.0
0,0.0
0,0.0
94,0.0
0,0.0
0,0.0
0,0.0
0,0.0
94,0.0
94,0.0
94,0.0
94,0.0
0,0.0
0,0.0
0,0.0
0,0.0
0,0.0
0,0.0
0,0.0
94,0.0
0,0.0
0,0.0
94,0.0
0,0.0
0,0.0
0,0.0
0,0.0
94,0.0
0,0.0
94,0.0
0,0.0
0,97.0
0,0.0
0,0.0
95,0.0
0,0.0
0,0.0
0,0.0
0,0.0
0,0.0
0,0.0
0,0.0
95,0.0
95,0.0
95,0.0
0,0.0
0,0.0
0,0.0
0,0.0
0,0.0
0,0.0
0,0.0
0,0.0
95,0.0
95,0.0
0,0.0
0,0.0
0,0.0
95,0.0
0,0.0
0,0.0
0,0.0
0,0.0
0,0.0
0,0.0
0,0.0
0,0.0
0,0.0
0,0.0
0,0.0
0,0.0
0,0.0
95,0.0
95,0.0
0,0.0
0,0.0
0,0.0
0,0.0
0,0.0
0,0.0
95,0.0
0,0.0
0,0.0
95,0.0
95,0.0
0,0.0
95,0.0
0,46.53333333
0,0.0
0,0.0
0,0.0
0,0.0
0,0.0
0,0.0
0,0.0
0,0.0
0,0.0
0,0.0
0,0.0
0,0.0
0,0.0
0,0.0
0,0.0
0,0.0
0,0.0
0,0.0
0,0.0
0,0.0
0,0.0
0,0.0
0,0.0
0,0.0
0,0.0
0,0.0
0,0.0
0,0.0
0,148.0
0,0.0
97,0.0
0,0.0
0,0.0
0,0.0
0,0.0
0,0.0
98,0.0
0,0.0
0,0.0
0,0.0
0,0.0
0,28.555555560000002
0,0.0
0,0.0
99,0.0
0,0.0
0,0.0
0,0.0
0,0.0
0,0.0
0,0.0
99,0.0
0,0.0
0,0.0
0,0.0
0,0.0
0,0.0
0,0.0
0,0.0
0,0.0
0,0.0
0,0.0
0,0.0
0,0.0
0,0.0
0,0.0
99,0.0
0,0.0
99,0.0
0,0.0
0,0.0
0,0.0
0,0.0
0,0.0
0,0.0
0,0.0
0,0.0
0,0.0
0,0.0
0,0.0
0,0.0
0,0.0
0,0.0
0,0.0
0,0.0
0,0.0
0,0.0
0,0.0
0,0.0
0,198.5
0,0.0
0,0.0
0,0.0
0,0.0
0,0.0
100,0.0
0,0.0
100,0.0
0,0.0
0,0.0
100,0.0
100,0.0
0,0.0
100,0.0
0,0.0
100,0.0
0,0.0
0,0.0
0,0.0
0,0.0
0,0.0
0,0.0
0,0.0
0,0.0
0,0.0
0,0.0
100,0.0
100,0.0
0,0.0
0,0.0
0,0.0
0,0.0
0,0.0
0,0.0
0,0.0
0,0.0
0,0.0
0,0.0
0,0.0
0,0.0
0,0.0
0,0.0
0,0.0
0,0.0
0,0.0
0,0.0
0,0.0
0,0.0
0,0.0
100,0.0
0,0.0
0,0.0
0,0.0
0,0.0
0,0.0
0,0.0
0,0.0
0,0.0
0,0.0
0,0.0
0,0.0
0,0.0
0,0.0
0,0.0
100,0.0
0,0.0
0,0.0
0,0.0
0,0.0
0,0.0
0,0.0
0,0.0
0,0.0
0,0.0
0,0.0
0,0.0
0,0.0
0,0.0
0,0.0
100,0.0
0,0.0
0,0.0
0,0.0
0,0.0
0,0.0
0,0.0
0,0.0
0,0.0
0,0.0
0,0.0
0,0.0
0,0.0
0,0.0
0,0.0
0,0.0
0,0.0
0,0.0
0,0.0
0,0.0
0,0.0
0,0.0
0,0.0
0,0.0
0,0.0
0,0.0
0,0.0
0,0.0
0,0.0
0,0.0
0,0.0
0,0.0
0,0.0
0,0.0
0,0.0
0,0.0
0,0.0
0,0.0
0,0.0
0,0.0
0,0.0
0,0.0
0,0.0
0,0.0
0,0.0
0,0.0
0,0.0
0,0.0
0,0.0
0,384.0
0,0.0
0,0.0
0,0.0
0,0.0
0,0.0
101,0.0
0,0.0
101,0.0
0,0.0
0,0.0
0,0.0
0,0.0
0,0.0
0,0.0
0,0.0
0,0.0
0,0.0
0,0.0
0,0.0
0,0.0
0,0.0
0,0.0
0,0.0
0,0.0
0,0.0
0,0.0
0,0.0
0,0.0
0,0.0
0,0.0
0,0.0
0,0.0
0,0.0
0,0.0
0,0.0
0,0.0
0,0.0
0,0.0
0,0.0
0,0.0
0,0.0
0,0.0
0,0.0
0,0.0
0,0.0
0,0.0
0,0.0
0,804.0
0,0.0
0,0.0
0,0.0
0,0.0
0,0.0
0,0.0
0,0.0
0,0.0
0,0.0
0,0.0
0,0.0
0,0.0
0,0.0
0,0.0
0,0.0
0,0.0
0,0.0
0,0.0
0,0.0
0,0.0
0,0.0
0,0.0
0,38.33333333
103,0.0
0,0.0
0,0.0
0,0.0
0,0.0
0,0.0
0,0.0
0,0.0
0,0.0
0,0.0
0,0.0
0,0.0
0,0.0
103,0.0
0,0.0
103,0.0
0,0.0
0,0.0
0,0.0
0,0.0
103,0.0
0,0.0
0,0.0
0,0.0
0,0.0
0,0.0
0,0.0
0,0.0
0,0.0
0,0.0
0,0.0
0,0.0
103,0.0
0,0.0
0,0.0
0,0.0
0,0.0
0,0.0
0,0.0
0,0.0
103,0.0
0,0.0
0,0.0
0,0.0
0,0.0
0,0.0
0,0.0
0,0.0
0,0.0
0,0.0
0,0.0
0,0.0
0,0.0
0,0.0
0,0.0
0,0.0
0,0.0
0,0.0
0,0.0
103,0.0
0,0.0
0,0.0
0,0.0
0,0.0
0,0.0
0,0.0
0,0.0
0,0.0
0,0.0
0,0.0
0,92.00000000000001
0,0.0
0,34.66666667
0,43.99999999999999
0,66.00000000000001
0,169.5
0,53.0
0,146.99999999999997
0,116.5
0,30.0
0,260.5
0,177.57142860000002
0,285.85714289999993
0,115.0
117,123.25
0,143.0
0,283.0
0,356.99999999999994
0,201.1666667
0,120.00000000000001
0,110.5
0,117.7142857
0,231.0
0,135.0
0,119.20000000000002
0,154.0
0,214.0
0,602.0
0,325.0
0,648.9999999999999
0,354.0
0,25.5
0,19.09090909
0,51.0
0,56.93023256
0,115.83333329999999
0,99.01265823
0,31.72
0,109.50666670000001
0,82.87500000000001
143,181.50000000000003
0,33.0
0,115.4482759
0,34.0
0,17.66666667
0,101.0930233
0,7.499999999999999
0,32.9
0,122.0
0,37.88888889
0,38.4
0,70.14285714
0,71.69230769
0,264.0
0,259.0
0,104.50000000000001
0,11.0
0,103.5
161,66.88888889000002
0,48.93333333
0,49.0
0,76.72727273000001
0,93.83333332999999
0,198.0
0,99.78465347
0,129.4361702
0,75.6
0,47.15384615
0,35.33333333000001
0,38.22222222
0,91.6
0,146.50000000000003
0,18.66666667
0,91.21428571
0,33.5
0,45.333333329999995
0,130.7916667
0,106.20000000000002
0,107.39999999999999
0,182.0
0,141.6
0,52.00000000000001
0,49.74999999999999
0,65.66666667
187,57.2
0,156.39999999999998
0,117.0
0,57.66666667
0,43.64179104
0,56.0
0,275.00000000000006
0,46.0
0,26.25
0,32.16666667
197,61.8
0,105.0833333
0,108.5
0,70.03846154000001
0,139.74999999999997
0,54.66666667
0,78.625
0,143.0
0,36.90909091
0,45.33333333
0,104.3092105
0,29.5
0,50.75000000000001
0,29.625
211,116.99999999999999
0,77.1
0,80.5
0,26.499999999999996
0,67.62463343
0,18.0
0,0.0
0,20.0
0,45.0
0,31.0
0,48.00000000000001
0,24.666666669999998
0,13.5
0,82.625
0,189.0
0,44.66666667
0,27.0
0,27.000000000000004
0,13.0
0,37.5
0,113.80000000000001
0,37.666666670000005
0,33.88888889
0,38.0
0,16.0
0,698.5
0,96.63636364
0,129.6666667
0,142.0
0,63.00000000000001
0,76.5
0,103.19999999999999
0,100.55555559999999
0,124.0
0,72.25000000000001
0,349.1666667
0,62.84090909
0,5.0
0,104.0
0,23.000000000000004
0,10.0
0,34.625
0,33.0
0,1002.9999999999999
0,78.0
0,69.4
0,20.5
0,42.4
0,65.0
0,25.399999999999995
0,19.0
0,144.3333333
0,45.4516129
0,135.18181820000004
0,25.888888889999997
0,26.0
0,29.636363639999995
0,211.8
0,28.0
0,33.0
0,130.7
0,20.0
0,37.53846154
0,55.33333333
0,46.4
0,82.00414938
0,46.0
0,176.2
0,141.9642857
0,322.0
0,365.0
0,367.00000000000006
0,197.8333333
0,97.99999999999999
0,15.0
0,80.33333333
0,122.0
0,119.00000000000001
0,111.8
0,6.666666667
0,42.75
0,157.0
0,61.0
0,69.0
0,82.66666666999998
0,145.6666667
0,178.4285714
0,188.6666667
0,61.20000000000001
0,68.16666667
0,80.0
0,92.5
0,53.33333333
0,28.25
0,59.00000000000001
0,110.625
0,23.44117647
0,151.7777778
0,54.0
0,33.333333329999995
0,81.0
0,38.0
0,16.0
0,79.11111111
0,149.6
0,64.51851852
0,26.66666667
0,61.15384615000001
0,217.0
0,142.00000000000003
0,123.0
0,41.00000000000001
0,159.5
0,199.0
0,193.5
0,9.25
0,35.64285714
0,37.82608696
0,205.0
0,189.00000000000003
0,250.0
0,80.85714286
0,108.0
0,21.818181819999996
0,120.99999999999999
0,55.50000000000001
0,43.03846153999999
0,44.00000000000001
0,21.0
0,42.93421053
0,36.5
0,61.0
0,73.9
0,41.5
0,89.0
0,272.0
0,133.4
0,0.0
0,281.00000000000006
0,19.0
0,65.55319149
0,30.66666667
0,18.75
0,64.0
0,29.6
0,99.00000000000001
0,127.00000000000001
0,185.5
0,121.49999999999999
0,106.24999999999999
0,56.0
0,53.5
0,188.0
0,115.5
0,30.0
0,81.75
0,63.00000000000001
0,93.2
0,152.0
0,180.00000000000003
0,135.0
0,44.0
0,17.0
0,47.0
0,57.5
0,23.999999999999996
0,16.0
0,206.0
0,67.33333333
0,87.25
0,65.5
0,208.0
0,156.99999999999997
0,115.6666667
0,19.0
384,112.0833333
385,207.99999999999997
386,210.00000000000003
387,59.75
388,181.0
388,0.0
389,66.25
390,64.5
391,54.50000000000001
392,113.0
393,442.66666669999995
394,144.5
395,174.0
396,152.0
397,54.5
398,44.99999999999999
399,29.0
400,96.15789474
401,53.49999999999999
402,61.0
403,8.25
404,105.5
405,165.0
406,108.0
407,37.125
408,127.0
409,54.5
410,64.0
411,40.0
412,56.900000000000006
413,102.25
414,34.0
415,30.0
416,41.0
417,37.0
418,36.0
419,78.71428571
420,100.3333333
421,95.99999999999999
422,89.0
423,46.375
424,31.75
425,9.333333333
426,49.0
427,10.42857143
428,43.0
429,19.42857143
430,24.71428571
431,141.0
432,139.0
433,72.35714285999998
434,40.5
435,55.33333333
436,71.0
437,39.0
438,54.0
439,56.33333333
440,62.50000000000001
441,165.0
442,183.0
443,189.5
444,128.0
445,73.0
446,307.0
447,71.0
448,25.0
449,61.0
450,58.0
451,20.0
452,18.0
453,157.75
454,159.0
455,82.0
456,153.0
457,36.0
458,85.5
459,89.75
460,52.99999999999999
461,48.00000000000001
462,48.0
463,15.33333333
464,26.33333333
465,27.0
466,15.666666670000001
467,56.193548390000004
468,86.125
469,114.3333333
470,132.5555556
471,112.5
472,101.3
472,0.0
473,4.733333333
474,72.71428571
475,63.59090909
476,12.46875
477,133.00000000000003
478,6.379310345
479,86.54545455
480,68.89655172
481,76.0
482,74.72727273
483,47.00000000000001
484,97.14285714
485,19.0
486,43.25000000000001
487,56.25
488,61.64912281
489,56.26086957
490,93.66666667
491,60.0
492,16.90909091
493,64.69565216999999
494,15.000000000000002
495,38.44444444
496,118.24999999999999
497,23.0
498,144.5
499,21.999999999999996
500,38.800000000000004
501,60.5
502,108.3636364
503,93.12500000000001
0,0.0
0,102.0
0,113.0
3,232.5
4,46.08333333
0,91.0
6,69.0
7,210.5
8,89.5
9,21.0
10,21.0
0,21.0
12,19.0
0,27.000000000000004
14,27.0
15,229.2
0,54.5
0,163.0
18,123.09090909999999
0,180.6666667
0,0.0
0,53.0
22,31.230769229999996
23,128.2
0,62.88461538
25,2.0
0,64.875
27,34.0
0,121.5
29,53.0
30,27.66666667
31,39.85714286
0,96.0
0,44.0
34,24.999999999999996
0,379.0
0,126.0
0,0.0
0,50.0
0,107.0
0,43.74825175
40,46.28571429
41,32.0
42,45.33333333
0,77.0
44,109.85714289999999
45,103.6666667
46,38.66666667
0,72.0
48,61.5
49,52.7
0,31.0
51,132.0
52,38.0
53,8.0
0,11.18181818
0,0.0
0,118.4666667
57,22.000000000000004
58,39.0
0,273.33333329999994
60,38.0
0,13.666666669999998
0,214.99999999999997
0,216.0
0,113.0
65,29.0
0,272.0
67,23.0
68,220.0
0,447.99999999999994
0,595.0
0,604.0
0,350.00000000000006
0,27.0
74,19.0
0,16.75
0,41.99999999999999
77,239.99999999999997
0,181.8
0,85.5
80,139.0
0,174.00000000000003
0,348.0
83,34.875
0,40.5
85,84.66666667
0,207.6666667
0,52.16666666999999
88,56.8
89,0.0
0,3.0
91,12.0
0,108.6666667
0,67.71428571
93,0.0
93,0.0
0,0.0
93,0.0
0,0.0
93,0.0
93,0.0
93,0.0
0,0.0
93,0.0
0,0.0
0,0.0
93,0.0
0,0.0
0,0.0
93,0.0
0,0.0
0,0.0
93,0.0
0,0.0
0,0.0
0,0.0
93,0.0
0,0.0
0,0.0
93,0.0
0,0.0
93,0.0
0,0.0
0,0.0
93,0.0
93,0.0
0,0.0
0,0.0
0,0.0
0,0.0
0,0.0
0,0.0
0,0.0
0,0.0
93,0.0
0,0.0
93,0.0
93,0.0
93,0.0
0,0.0
0,0.0
94,0.0
0,0.0
0,0.0
94,0.0
94,0.0
0,0.0
0,0.0
94,0.0
0,0.0
0,0.0
0,0.0
0,0.0
94,0.0
94,0.0
94,0.0
94,0.0
0,0.0
0,0.0
0,0.0
0,0.0
0,0.0
0,0.0
0,0.0
94,0.0
0,0.0
0,0.0
94,0.0
0,0.0
0,0.0
0,0.0
0,0.0
94,0.0
0,0.0
94,0.0
0,0.0
0,0.0
0,0.0
0,0.0
94,0.0
0,0.0
0,0.0
0,0.0
0,0.0
0,0.0
0,0.0
0,0.0
94,0.0
94,0.0
94,0.0
0,0.0
0,0.0
0,0.0
0,0.0
0,0.0
0,0.0
0,0.0
0,0.0
94,0.0
94,0.0
0,0.0
0,0.0
0,0.0
94,0.0
0,0.0
0,0.0
0,0.0
0,0.0
0,0.0
0,0.0
0,0.0
0,0.0
0,0.0
0,0.0
0,0.0
0,0.0
0,0.0
95,0.0
95,0.0
0,0.0
0,0.0
0,0.0
0,0.0
0,0.0
0,0.0
95,0.0
0,0.0
0,0.0
95,0.0
95,0.0
0,0.0
95,0.0
0,0.0
0,0.0
0,0.0
0,0.0
0,0.0
0,0.0
0,0.0
0,0.0
0,0.0
0,0.0
0,0.0
0,0.0
0,0.0
0,0.0
0,0.0
0,0.0
0,0.0
0,0.0
0,0.0
0,0.0
0,0.0
0,0.0
0,0.0
0,0.0
0,0.0
0,0.0
0,0.0
0,0.0
0,0.0
0,148.0
0,0.0
96,0.0
0,0.0
0,0.0
0,0.0
0,0.0
0,0.0
97,0.0
0,0.0
0,0.0
0,0.0
0,0.0
0,0.0
0,0.0
0,0.0
97,0.0
0,0.0
0,0.0
0,0.0
0,0.0
0,0.0
0,0.0
97,0.0
0,0.0
0,0.0
0,0.0
0,0.0
0,0.0
0,0.0
0,0.0
0,0.0
0,0.0
0,0.0
0,0.0
0,0.0
0,0.0
0,0.0
97,0.0
0,0.0
97,0.0
0,0.0
0,0.0
0,0.0
0,0.0
0,0.0
0,0.0
0,0.0
0,0.0
0,0.0
0,0.0
0,0.0
0,0.0
0,0.0
0,0.0
0,0.0
0,0.0
0,0.0
0,0.0
0,0.0
0,0.0
0,198.5
0,0.0
0,0.0
0,0.0
0,0.0
0,0.0
98,0.0
0,0.0
98,0.0
0,0.0
0,0.0
98,0.0
98,0.0
0,0.0
98,0.0
0,0.0
98,0.0
0,0.0
0,0.0
0,0.0
0,0.0
0,0.0
0,0.0
0,0.0
0,0.0
0,0.0
0,0.0
98,0.0
98,0.0
0,0.0
0,0.0
0,0.0
0,0.0
0,0.0
0,0.0
0,0.0
0,0.0
0,0.0
0,0.0
0,0.0
0,0.0
0,0.0
0,0.0
0,0.0
0,0.0
0,0.0
0,0.0
0,0.0
0,0.0
0,0.0
98,0.0
0,0.0
0,0.0
0,0.0
0,0.0
0,0.0
0,0.0
0,0.0
0,0.0
0,0.0
0,0.0
0,0.0
0,0.0
0,0.0
0,0.0
98,0.0
0,0.0
0,0.0
0,0.0
0,0.0
0,0.0
0,0.0
0,0.0
0,0.0
0,0.0
0,0.0
0,0.0
0,0.0
0,0.0
0,0.0
98,0.0
0,0.0
0,0.0
0,0.0
0,0.0
0,0.0
0,0.0
0,0.0
0,0.0
0,0.0
0,0.0
0,0.0
0,0.0
0,0.0
0,0.0
0,0.0
0,0.0
0,0.0
0,0.0
0,0.0
0,0.0
0,0.0
0,0.0
0,0.0
0,0.0
0,0.0
0,0.0
0,0.0
0,0.0
0,0.0
0,0.0
0,0.0
0,0.0
0,0.0
0,0.0
0,0.0
0,0.0
0,0.0
0,0.0
0,0.0
0,0.0
0,0.0
0,0.0
0,0.0
0,0.0
0,0.0
0,0.0
0,0.0
0,0.0
0,384.0
0,0.0
0,0.0
0,0.0
0,0.0
0,0.0
99,0.0
0,0.0
99,0.0
0,0.0
0,0.0
0,0.0
0,0.0
0,0.0
0,0.0
0,0.0
0,1371.0
0,0.0
0,0.0
0,0.0
0,0.0
0,0.0
0,0.0
0,0.0
0,0.0
0,0.0
0,0.0
0,0.0
0,0.0
0,0.0
0,0.0
0,0.0
0,0.0
0,0.0
0,0.0
0,0.0
0,0.0
0,0.0
0,0.0
0,0.0
0,0.0
0,0.0
0,0.0
0,0.0
0,0.0
0,0.0
0,0.0
0,0.0
0,803.9999999999999
0,0.0
0,0.0
0,0.0
0,0.0
0,0.0
0,0.0
0,0.0
0,0.0
0,0.0
0,0.0
0,0.0
0,0.0
0,0.0
0,0.0
0,0.0
0,0.0
0,0.0
0,0.0
0,0.0
0,0.0
0,0.0
0,0.0
0,38.33333333
102,0.0
0,0.0
0,0.0
0,0.0
0,0.0
0,0.0
0,0.0
0,0.0
0,0.0
0,0.0
0,0.0
0,0.0
0,0.0
102,0.0
0,0.0
102,0.0
0,0.0
0,0.0
0,0.0
0,0.0
102,0.0
0,0.0
0,0.0
0,0.0
0,0.0
0,0.0
0,0.0
0,0.0
0,0.0
0,0.0
0,0.0
0,0.0
102,0.0
0,0.0
0,0.0
0,0.0
0,0.0
0,0.0
0,0.0
0,0.0
102,0.0
0,68.0
0,0.0
0,0.0
0,0.0
0,0.0
0,0.0
0,0.0
0,0.0
0,0.0
0,0.0
0,0.0
0,0.0
0,0.0
0,0.0
0,0.0
0,0.0
0,0.0
0,0.0
103,0.0
0,0.0
0,0.0
0,0.0
0,0.0
0,0.0
0,0.0
0,0.0
0,0.0
0,0.0
0,0.0
0,92.00000000000001
0,0.0
0,34.66666667
0,43.99999999999999
0,66.00000000000001
0,169.5
0,53.0
0,146.99999999999997
0,116.5
0,30.0
0,260.5
0,177.57142860000002
0,285.85714289999993
0,115.0
117,123.25
0,143.0
0,283.0
0,356.99999999999994
0,201.1666667
0,120.00000000000001
0,110.5
0,117.7142857
0,231.0
0,135.0
0,119.20000000000002
0,154.0
0,214.0
0,602.0
0,325.0
0,648.9999999999999
0,354.0
0,25.5
0,19.09090909
0,51.0
0,56.93023256
0,115.83333329999999
0,99.01265823
0,31.72
0,109.50666670000001
0,82.87500000000001
143,181.50000000000003
0,33.0
0,115.4482759
0,34.0
0,17.66666667
0,101.0930233
0,7.499999999999999
0,32.9
0,122.0
0,37.88888889
0,38.4
0,70.14285714
0,71.69230769
0,264.0
0,259.0
0,104.50000000000001
0,11.0
0,103.5
161,66.88888889000002
0,48.93333333
0,49.0
0,76.72727273000001
0,93.83333332999999
0,198.0
0,99.78465347
0,129.4361702
0,75.6
0,47.15384615
0,35.33333333000001
0,38.22222222
0,91.6
0,146.50000000000003
0,18.66666667
0,91.21428571
0,33.5
0,45.333333329999995
0,130.7916667
0,106.20000000000002
0,107.39999999999999
0,182.0
0,141.6
0,52.00000000000001
0,49.74999999999999
0,65.66666667
187,57.2
0,156.39999999999998
0,117.0
0,57.66666667
0,43.64179104
0,56.0
0,275.00000000000006
0,46.0
0,26.25
0,32.16666667
197,61.8
0,105.0833333
0,108.5
0,70.03846154000001
0,139.74999999999997
0,54.66666667
0,78.625
0,143.0
0,36.90909091
0,45.33333333
0,104.3092105
0,29.5
0,50.75000000000001
0,29.625
211,116.99999999999999
0,77.1
0,80.5
0,26.499999999999996
0,67.62463343
0,18.0
0,38.857142859999996
0,19.999999999999996
0,45.00000000000001
0,30.999999999999996
0,47.99999999999999
0,24.66666667
0,13.5
0,82.625
0,189.0
0,44.66666667
0,27.000000000000004
0,27.0
0,12.999999999999998
0,37.5
0,113.8
0,37.66666667
0,33.88888889
0,38.0
0,16.0
0,698.5
0,96.63636364000001
0,129.6666667
0,142.0
0,63.0
0,76.5
0,103.20000000000002
0,100.5555556
0,124.0
0,72.25
0,349.1666667
0,62.840909090000004
0,5.0
0,104.00000000000001
0,23.0
0,10.0
0,34.62499999999999
0,33.0
0,1003.0
0,78.0
0,69.4
0,20.5
0,42.4
0,65.0
0,25.399999999999995
0,19.0
0,144.3333333
0,45.4516129
0,135.1818182
0,25.888888890000004
0,26.000000000000004
0,29.636363640000003
0,211.80000000000004
0,27.999999999999996
0,33.0
0,130.7
0,20.0
0,37.53846154
0,55.33333333
0,46.4
0,82.00414937999999
0,46.0
0,176.19999999999996
0,141.9642857
0,322.00000000000006
0,365.00000000000006
0,367.0
0,197.8333333
0,98.0
0,15.0
0,80.33333332999999
0,122.0
0,119.00000000000001
0,111.8
0,6.666666666999999
0,42.75
0,157.0
0,61.00000000000001
0,69.0
0,82.66666667
0,145.6666667
0,178.4285714
0,188.6666667
0,61.20000000000001
0,68.16666666999998
0,79.99999999999999
0,92.5
0,53.333333329999995
0,28.249999999999996
0,58.99999999999999
0,110.625
0,23.441176470000002
0,151.77777779999997
0,54.0
0,33.33333333
0,81.0
0,37.99999999999999
0,16.0
0,79.11111111
0,149.60000000000002
0,64.51851852000001
0,26.666666669999998
0,61.15384614999999
0,217.0
0,142.0
0,123.0
0,41.0
0,159.5
0,199.00000000000003
0,193.5
0,9.25
0,35.64285714
0,37.82608696
0,204.99999999999997
0,189.0
0,249.99999999999997
0,80.85714286
0,107.99999999999999
0,21.81818182
0,121.0
0,55.5
0,43.03846154
0,44.0
0,21.0
0,42.93421053
0,36.50000000000001
0,61.00000000000001
0,73.9
0,41.5
0,89.0
0,272.0
0,133.4
0,126.99999999999999
0,281.0
0,19.0
0,65.55319149
0,30.666666669999998
0,18.749999999999996
0,64.0
0,29.6
0,99.0
0,127.0
0,185.49999999999997
0,121.5
0,106.25
0,56.00000000000001
0,53.49999999999999
0,188.0
0,115.50000000000001
0,30.000000000000004
0,81.75
0,63.0
0,93.20000000000002
0,152.0
0,180.0
0,135.0
0,44.0
0,17.0
0,47.0
0,57.50000000000001
0,24.000000000000004
0,16.0
0,206.0
0,67.33333333
0,87.25
0,65.5
0,208.0
0,157.0
0,115.66666670000001
0,19.0
386,112.08333330000002
387,208.0
388,210.0
389,59.75
390,181.0
390,0.0
391,66.25
392,64.5
393,54.49999999999999
394,112.99999999999999
395,442.6666667
396,144.50000000000003
397,174.0
398,152.00000000000003
399,54.5
400,44.99999999999999
401,29.000000000000004
402,96.15789473999999
403,53.5
404,61.0
405,8.25
406,105.5
407,165.0
408,108.0
409,37.125
410,127.0
411,54.5
412,63.99999999999999
413,40.00000000000001
414,56.900000000000006
415,102.25
416,34.0
417,30.0
418,41.0
419,37.0
420,36.0
421,78.71428571
422,100.33333330000002
423,96.0
424,89.0
425,46.37499999999999
426,31.750000000000004
427,9.333333333
428,49.0
429,10.428571430000002
430,43.0
431,19.428571429999998
432,24.71428571
433,141.0
434,139.0
435,72.35714286
436,40.5
437,55.33333333000001
438,71.00000000000001
439,39.0
440,53.99999999999999
441,56.33333333
442,62.5
443,164.99999999999997
444,183.0
445,189.5
446,128.0
447,73.0
448,307.0
449,71.0
450,25.0
451,61.0
452,58.0
453,20.0
454,18.0
455,157.75
456,159.0
457,82.0
458,153.0
459,36.0
460,85.49999999999999
461,89.75
462,53.0
463,48.0
464,48.00000000000001
465,15.33333333
466,26.33333333
467,26.999999999999996
468,15.66666667
469,56.19354839
470,86.125
471,114.3333333
472,132.55555560000002
473,112.5
474,101.30000000000001
474,0.0
475,4.733333333
476,72.71428571
477,63.590909090000004
478,12.46875
479,133.0
480,6.379310345
481,86.54545455
482,68.89655172
483,76.0
484,74.72727273
485,46.99999999999999
486,97.14285713999999
487,19.0
488,43.25000000000001
489,56.25
490,61.64912281000001
491,56.26086957
492,93.66666667
493,60.0
494,16.90909091
495,64.69565217
496,14.999999999999998
497,38.44444444
498,118.25
499,23.000000000000004
500,144.5
501,22.0
502,38.800000000000004
503,60.50000000000001
504,108.3636364
505,93.125
0,0.0
0,102.0
0,113.0
3,232.5
4,46.08333333
0,91.0
6,69.0
7,210.5
8,89.5
9,21.0
10,21.0
0,21.0
12,19.0
0,27.000000000000004
14,27.0
15,229.2
0,54.5
0,163.0
18,123.09090909999999
0,180.6666667
0,0.0
0,53.0
21,31.23076923
22,128.2
0,62.88461538
24,2.0
0,64.875
26,34.0
0,121.5
28,53.0
29,27.666666670000005
30,39.85714286
0,96.0
0,44.0
33,25.0
0,379.0
0,125.99999999999999
0,0.0
0,50.0
0,107.00000000000001
0,43.74825175
39,46.28571429
40,32.0
41,45.33333333
0,77.0
43,109.8571429
44,103.6666667
45,38.66666667
0,72.0
47,61.49999999999999
48,52.7
0,31.0
50,132.0
51,38.0
52,8.0
0,11.18181818
0,0.0
0,118.46666670000002
56,22.0
57,39.0
0,273.3333333
59,38.0
0,13.66666667
0,215.0
0,216.0
0,113.0
64,29.0
0,272.0
66,23.0
67,219.99999999999997
0,448.00000000000006
0,595.0
0,604.0
0,350.00000000000006
0,27.0
73,19.0
0,16.75
0,41.99999999999999
76,240.0
0,181.8
0,85.50000000000001
79,139.0
0,174.0
0,348.00000000000006
82,34.875
0,40.5
84,84.66666667
0,207.66666670000004
0,52.16666667
87,56.8
88,0.0
0,3.0
90,12.0
0,108.6666667
0,67.71428570999998
92,0.0
92,0.0
0,0.0
92,0.0
0,0.0
92,0.0
92,0.0
92,0.0
0,0.0
92,0.0
0,0.0
0,0.0
92,0.0
0,0.0
0,0.0
92,0.0
0,0.0
0,0.0
92,0.0
0,0.0
0,0.0
0,0.0
92,0.0
0,0.0
0,0.0
92,0.0
0,0.0
92,0.0
0,0.0
0,0.0
92,0.0
92,0.0
0,0.0
0,0.0
0,0.0
0,0.0
0,0.0
0,0.0
0,0.0
0,0.0
92,0.0
0,0.0
92,0.0
92,0.0
92,0.0
0,0.0
0,0.0
93,0.0
0,0.0
0,0.0
93,0.0
93,0.0
0,0.0
0,0.0
93,0.0
0,0.0
0,0.0
0,0.0
0,0.0
93,0.0
93,0.0
93,0.0
93,0.0
0,0.0
0,0.0
0,0.0
0,0.0
0,0.0
0,0.0
0,0.0
93,0.0
0,0.0
0,0.0
93,0.0
0,0.0
0,0.0
0,0.0
0,0.0
93,0.0
0,0.0
93,0.0
0,0.0
0,0.0
0,0.0
0,0.0
93,0.0
0,0.0
0,0.0
0,0.0
0,0.0
0,0.0
0,0.0
0,0.0
93,0.0
93,0.0
93,0.0
0,0.0
0,0.0
0,0.0
0,0.0
0,0.0
0,0.0
0,0.0
0,0.0
93,0.0
93,0.0
0,0.0
0,0.0
0,0.0
93,0.0
0,0.0
0,0.0
0,0.0
0,0.0
0,0.0
0,0.0
0,0.0
0,0.0
0,0.0
0,0.0
0,0.0
0,0.0
0,0.0
93,0.0
93,0.0
0,0.0
0,0.0
0,0.0
0,0.0
0,0.0
0,0.0
93,0.0
0,0.0
0,0.0
93,0.0
93,0.0
0,0.0
93,0.0
0,0.0
0,0.0
0,0.0
0,0.0
0,0.0
0,0.0
0,0.0
0,0.0
0,0.0
0,0.0
0,0.0
0,27.18181818
0,0.0
0,0.0
0,0.0
0,0.0
0,0.0
0,0.0
0,0.0
0,0.0
0,0.0
0,0.0
0,0.0
0,0.0
0,0.0
0,0.0
0,0.0
0,0.0
0,0.0
0,148.0
0,0.0
95,0.0
0,0.0
0,0.0
0,0.0
0,0.0
0,0.0
96,0.0
0,0.0
0,0.0
0,0.0
0,0.0
0,0.0
0,0.0
0,0.0
96,0.0
0,0.0
0,0.0
0,0.0
0,0.0
0,0.0
0,0.0
96,0.0
0,0.0
0,0.0
0,0.0
0,0.0
0,0.0
0,0.0
0,0.0
0,0.0
0,0.0
0,0.0
0,0.0
0,0.0
0,0.0
0,0.0
96,0.0
0,0.0
96,0.0
0,0.0
0,0.0
0,0.0
0,0.0
0,0.0
0,0.0
0,0.0
0,0.0
0,0.0
0,0.0
0,0.0
0,0.0
0,0.0
0,0.0
0,0.0
0,0.0
0,0.0
0,0.0
0,0.0
0,0.0
0,198.50000000000003
0,0.0
0,0.0
0,0.0
0,0.0
0,0.0
97,0.0
0,0.0
97,0.0
0,0.0
0,0.0
97,0.0
97,0.0
0,0.0
97,0.0
0,0.0
97,0.0
0,0.0
0,0.0
0,0.0
0,0.0
0,0.0
0,0.0
0,0.0
0,0.0
0,0.0
0,0.0
97,0.0
97,0.0
0,0.0
0,0.0
0,0.0
0,0.0
0,0.0
0,0.0
0,0.0
0,0.0
0,0.0
0,0.0
0,0.0
0,0.0
0,0.0
0,0.0
0,0.0
0,0.0
0,0.0
0,0.0
0,0.0
0,0.0
0,0.0
97,0.0
0,0.0
0,0.0
0,0.0
0,0.0
0,0.0
0,0.0
0,0.0
0,0.0
0,0.0
0,0.0
0,0.0
0,0.0
0,0.0
0,0.0
97,0.0
0,0.0
0,0.0
0,0.0
0,0.0
0,0.0
0,0.0
0,0.0
0,0.0
0,0.0
0,0.0
0,0.0
0,0.0
0,0.0
0,0.0
97,0.0
0,0.0
0,0.0
0,0.0
0,0.0
0,0.0
0,0.0
0,0.0
0,0.0
0,0.0
0,0.0
0,0.0
0,0.0
0,0.0
0,0.0
0,0.0
0,0.0
0,0.0
0,0.0
0,0.0
0,0.0
0,0.0
0,0.0
0,0.0
0,0.0
0,0.0
0,0.0
0,0.0
0,0.0
0,0.0
0,0.0
0,0.0
0,0.0
0,0.0
0,0.0
0,0.0
0,0.0
0,0.0
0,0.0
0,0.0
0,0.0
0,0.0
0,0.0
0,0.0
0,0.0
0,0.0
0,0.0
0,0.0
0,0.0
0,384.00000000000006
0,0.0
0,0.0
0,0.0
0,0.0
0,0.0
98,0.0
0,0.0
98,0.0
0,0.0
0,0.0
0,0.0
0,0.0
0,0.0
0,0.0
0,0.0
0,0.0
0,0.0
0,0.0
0,0.0
0,0.0
0,0.0
0,0.0
0,0.0
0,0.0
0,0.0
0,0.0
0,0.0
0,0.0
0,0.0
0,0.0
0,0.0
0,0.0
0,0.0
0,0.0
0,0.0
0,0.0
0,0.0
0,0.0
0,0.0
0,0.0
0,0.0
0,0.0
0,0.0
0,0.0
0,0.0
0,0.0
0,0.0
0,804.0
0,0.0
0,0.0
0,0.0
0,0.0
0,0.0
0,0.0
0,0.0
0,0.0
0,0.0
0,0.0
0,0.0
0,0.0
0,0.0
0,0.0
0,0.0
0,0.0
0,0.0
0,0.0
0,0.0
0,0.0
0,0.0
0,0.0
0,38.33333333
100,0.0
0,0.0
0,0.0
0,0.0
0,0.0
0,0.0
0,0.0
0,0.0
0,0.0
0,0.0
0,0.0
0,0.0
0,0.0
100,0.0
0,0.0
100,0.0
0,0.0
0,0.0
0,0.0
0,0.0
100,0.0
0,0.0
0,0.0
0,0.0
0,0.0
0,0.0
0,0.0
0,0.0
0,0.0
0,0.0
0,0.0
0,0.0
100,0.0
0,0.0
0,0.0
0,0.0
0,0.0
0,0.0
0,0.0
0,0.0
100,0.0
0,0.0
0,0.0
0,0.0
0,24.16666667
0,0.0
0,0.0
0,0.0
0,0.0
0,0.0
0,0.0
0,0.0
0,0.0
0,0.0
0,0.0
0,0.0
0,0.0
0,0.0
0,0.0
101,0.0
0,0.0
0,0.0
0,0.0
0,0.0
0,0.0
0,0.0
0,0.0
0,0.0
0,0.0
0,0.0
0,92.0
0,0.0
0,0.0
0,44.0
0,66.00000000000001
0,169.5
0,53.0
0,147.0
0,116.5
0,30.0
0,260.5
0,177.57142860000002
0,285.8571429
0,115.0
114,123.25000000000001
0,143.00000000000003
0,283.0
0,357.0
0,201.1666667
0,120.0
0,110.5
0,117.7142857
0,231.0
0,135.0
0,119.2
0,154.0
0,214.00000000000003
0,602.0000000000001
0,325.0
0,649.0
0,354.0
0,25.5
0,19.09090909
0,51.0
0,56.93023256
0,115.83333330000002
0,99.01265823
0,31.72
0,109.5066667
0,82.875
140,181.5
0,33.0
0,115.4482759
0,34.0
0,17.66666667
0,101.0930233
0,7.500000000000001
0,32.9
0,122.0
0,37.88888889
0,38.4
0,70.14285714
0,71.69230769
0,264.0
0,259.0
0,104.5
0,11.0
0,103.5
158,66.88888889
0,48.93333333
0,48.99999999999999
0,76.72727273
0,93.83333333
0,198.00000000000003
0,99.78465347
0,129.4361702
0,75.60000000000001
0,47.15384615
0,35.33333333
0,38.22222222
0,91.59999999999998
0,146.5
0,18.66666667
0,91.21428571000001
0,33.5
0,45.33333333
0,130.7916667
0,106.20000000000002
0,107.4
0,182.00000000000003
0,141.60000000000002
0,0.0
0,49.75
0,65.66666667
183,57.20000000000001
0,156.4
0,117.0
0,57.66666667
0,43.64179104000001
0,56.0
0,275.0
0,46.00000000000001
0,26.25
0,32.16666667
193,61.8
0,105.0833333
0,108.5
0,70.03846154
0,139.75000000000003
0,54.66666667
0,78.625
0,143.00000000000003
0,36.90909091
0,45.333333329999995
0,104.3092105
0,29.499999999999996
0,50.75
0,29.625
207,117.00000000000001
0,77.1
0,80.5
0,26.5
0,67.62463343
0,18.0
0,38.85714286
0,20.000000000000004
0,45.0
0,31.0
0,48.0
0,24.666666669999998
0,13.5
0,82.62500000000001
0,189.0
0,44.66666667
0,27.0
0,27.0
0,13.000000000000002
0,37.5
0,113.79999999999998
0,37.666666670000005
0,33.888888890000004
0,38.00000000000001
0,16.0
0,698.5
0,96.63636364000001
0,129.6666667
0,142.0
0,63.0
0,76.5
0,103.19999999999999
0,100.55555560000002
0,123.99999999999999
0,72.25
0,349.1666667
0,62.840909090000004
0,5.000000000000001
0,104.0
0,23.000000000000004
0,10.0
0,34.625
0,32.99999999999999
0,1002.9999999999999
0,78.0
0,69.4
0,20.5
0,42.4
0,65.00000000000001
0,25.4
0,19.0
0,144.3333333
0,45.4516129
0,135.1818182
0,25.88888889
0,26.0
0,29.636363640000003
0,211.79999999999998
0,28.0
0,33.0
0,130.7
0,20.0
0,37.53846154000001
0,55.33333333000001
0,46.4
0,82.00414938
0,45.99999999999999
0,176.2
0,141.9642857
0,322.0
0,365.0
0,367.0
0,197.8333333
0,98.0
0,14.999999999999998
0,80.33333333
0,122.0
0,119.0
0,111.8
0,6.666666667
0,42.75
0,157.0
0,61.00000000000001
0,69.0
0,82.66666666999998
0,145.6666667
0,178.4285714
0,188.6666667
0,61.2
0,68.16666667
0,80.0
0,92.5
0,53.33333333
0,28.25
0,59.0
0,110.62500000000001
0,23.44117647
0,151.7777778
0,54.00000000000001
0,33.33333333
0,81.0
0,38.00000000000001
0,16.0
0,79.11111111
0,149.6
0,64.51851851999999
0,26.66666667
0,61.15384615
0,0.0
0,142.0
0,122.99999999999999
0,41.0
0,159.50000000000003
0,199.0
0,193.5
0,9.25
0,35.64285714
0,37.82608696
0,204.99999999999997
0,189.0
0,250.0
0,80.85714286
0,107.99999999999999
0,21.81818182
0,121.00000000000001
0,55.5
0,43.03846154
0,44.0
0,21.0
0,42.93421053000001
0,36.5
0,61.0
0,73.9
0,41.5
0,89.0
0,272.0
0,133.39999999999998
0,127.0
0,281.0
0,19.0
0,65.55319149
0,30.66666667
0,18.75
0,64.0
0,29.6
0,99.0
0,127.0
0,185.5
0,121.49999999999999
0,106.25
0,56.0
0,53.5
0,188.0
0,115.49999999999999
0,30.0
0,81.75
0,63.0
0,93.2
0,151.99999999999997
0,180.0
0,135.0
0,44.0
0,17.0
0,47.0
0,57.5
0,24.0
0,16.0
0,205.99999999999997
0,67.33333333
0,87.25
0,65.5
0,208.0
0,157.0
0,115.6666667
0,19.0
381,112.08333330000002
382,208.0
383,210.0
384,59.75
385,181.00000000000003
385,0.0
386,66.25
387,64.5
388,54.5
389,113.00000000000001
390,442.6666667
391,144.5
392,174.0
393,151.99999999999997
394,54.5
395,45.0
396,29.0
397,96.15789473999999
398,53.5
399,61.0
400,8.25
401,105.5
402,164.99999999999997
403,108.00000000000001
404,37.125
405,126.99999999999999
406,54.5
407,64.0
408,40.00000000000001
409,56.9
410,102.24999999999999
411,34.0
412,30.000000000000004
413,41.00000000000001
414,37.0
415,36.0
416,78.71428571000001
417,100.3333333
418,95.99999999999999
419,89.00000000000001
420,46.375
421,31.75
422,9.333333333
423,49.0
424,10.42857143
425,43.0
426,19.42857143
427,24.71428571
428,141.0
429,139.0
430,72.35714286
431,40.5
432,55.33333333
433,71.0
434,39.0
435,54.0
436,56.33333333
437,62.50000000000001
438,164.99999999999997
439,183.0
440,189.50000000000003
441,128.0
442,73.0
443,307.0
444,71.0
445,25.0
446,61.0
447,57.99999999999999
448,20.0
449,18.0
450,157.74999999999997
451,159.0
452,82.0
453,153.0
454,36.0
455,85.5
456,89.75
457,53.00000000000001
458,48.00000000000001
459,48.0
460,15.33333333
461,26.333333329999995
462,27.0
463,15.66666667
464,56.19354838999999
465,86.12500000000001
466,114.33333329999999
467,132.5555556
468,112.49999999999999
469,101.3
469,0.0
470,4.733333333
471,72.71428571
472,63.59090908999999
473,12.468749999999998
474,133.0
475,6.379310345
476,86.54545455
477,68.89655172
478,76.0
479,74.72727273
480,47.0
481,97.14285714
482,19.0
483,43.25
484,56.25
485,61.64912281
486,56.26086957
487,93.66666667
488,60.00000000000001
489,16.90909091
490,64.69565217000002
491,15.0
492,38.44444444
493,118.25
494,22.999999999999996
495,144.5
496,21.999999999999996
497,38.8
497,0.0
498,108.36363640000002
499,93.12499999999999
0,0.0
0,102.0
0,113.0
3,232.5
4,46.08333333
0,91.0
6,69.0
7,210.5
8,89.5
9,21.0
10,21.0
0,21.0
12,19.0
0,27.000000000000004
14,27.0
15,229.2
0,54.5
0,163.0
18,123.09090909999999
0,180.6666667
0,0.0
0,53.0
22,31.230769229999996
23,128.2
0,62.88461538
25,2.0
0,64.875
27,34.0
0,121.5
29,53.0
30,27.66666667
31,39.85714286
0,96.0
0,44.0
34,24.999999999999996
0,379.0
0,126.0
0,0.0
0,50.0
0,107.0
0,43.74825175
40,46.28571429
41,32.0
42,45.33333333
0,77.0
44,109.85714289999999
45,103.6666667
46,38.66666667
0,72.0
48,61.5
49,52.7
0,31.0
51,132.0
52,38.0
53,8.0
0,11.18181818
0,0.0
0,118.4666667
57,22.000000000000004
58,39.0
0,273.33333329999994
60,38.0
0,13.666666669999998
0,214.99999999999997
0,216.0
0,113.0
65,29.0
0,272.0
67,23.0
68,220.0
0,447.99999999999994
0,595.0
0,604.0
0,350.00000000000006
0,27.0
74,19.0
0,16.75
0,41.99999999999999
77,239.99999999999997
0,181.8
0,85.5
80,139.0
0,174.00000000000003
0,348.0
83,34.875
0,40.5
85,84.66666667
0,207.6666667
0,52.16666666999999
88,56.8
89,0.0
0,3.0
91,12.0
0,108.6666667
0,67.71428571
93,0.0
93,0.0
0,0.0
93,0.0
0,0.0
93,0.0
93,0.0
93,0.0
0,0.0
93,0.0
0,0.0
0,0.0
93,0.0
0,0.0
0,0.0
93,0.0
0,0.0
0,0.0
93,0.0
0,0.0
0,0.0
0,0.0
93,0.0
0,0.0
0,0.0
93,0.0
0,0.0
93,0.0
0,0.0
0,0.0
93,0.0
93,0.0
0,0.0
0,0.0
0,0.0
0,0.0
0,0.0
0,0.0
0,0.0
0,0.0
93,0.0
0,0.0
93,0.0
93,0.0
93,0.0
0,0.0
0,0.0
94,0.0
0,0.0
0,0.0
94,0.0
94,0.0
0,0.0
0,0.0
94,0.0
0,0.0
0,0.0
0,0.0
0,0.0
94,0.0
94,0.0
94,0.0
94,0.0
0,0.0
0,0.0
0,0.0
0,0.0
0,0.0
0,0.0
0,0.0
94,0.0
0,0.0
0,0.0
94,0.0
0,0.0
0,0.0
0,0.0
0,0.0
94,0.0
0,0.0
94,0.0
0,0.0
0,0.0
0,0.0
0,0.0
94,0.0
0,0.0
0,0.0
0,0.0
0,0.0
0,0.0
0,0.0
0,0.0
94,0.0
94,0.0
94,0.0
0,0.0
0,0.0
0,0.0
0,0.0
0,0.0
0,0.0
0,0.0
0,0.0
94,0.0
94,0.0
0,0.0
0,0.0
0,0.0
94,0.0
0,0.0
0,0.0
0,0.0
0,0.0
0,0.0
0,0.0
0,0.0
0,0.0
0,0.0
0,0.0
0,0.0
0,0.0
0,0.0
94,0.0
94,0.0
0,0.0
0,0.0
0,0.0
0,0.0
0,0.0
0,0.0
94,0.0
0,0.0
0,0.0
94,0.0
94,0.0
0,0.0
94,0.0
0,0.0
0,0.0
0,0.0
0,0.0
0,0.0
0,0.0
0,0.0
0,0.0
0,0.0
0,0.0
0,0.0
0,0.0
0,0.0
0,0.0
0,0.0
0,0.0
0,0.0
0,0.0
0,0.0
0,0.0
0,0.0
0,0.0
0,0.0
0,0.0
0,0.0
0,0.0
0,0.0
0,0.0
0,0.0
0,148.0
0,0.0
95,0.0
0,0.0
0,0.0
0,0.0
0,0.0
0,0.0
96,0.0
0,0.0
0,0.0
0,0.0
0,0.0
0,0.0
0,0.0
0,0.0
96,0.0
0,0.0
0,0.0
0,0.0
0,0.0
0,0.0
0,0.0
96,0.0
0,0.0
0,0.0
0,0.0
0,0.0
0,0.0
0,0.0
0,0.0
0,0.0
0,0.0
0,0.0
0,0.0
0,0.0
0,0.0
0,0.0
96,0.0
0,0.0
96,0.0
0,0.0
0,0.0
0,0.0
0,0.0
0,0.0
0,0.0
0,0.0
0,0.0
0,0.0
0,0.0
0,0.0
0,0.0
0,0.0
0,0.0
0,0.0
0,0.0
0,0.0
0,0.0
0,0.0
0,0.0
0,198.50000000000003
0,0.0
0,0.0
0,0.0
0,0.0
0,0.0
97,0.0
0,0.0
97,0.0
0,0.0
0,0.0
97,0.0
97,0.0
0,0.0
97,0.0
0,0.0
97,0.0
0,0.0
0,0.0
0,0.0
0,0.0
0,0.0
0,0.0
0,0.0
0,0.0
0,0.0
0,0.0
97,0.0
97,0.0
0,0.0
0,0.0
0,0.0
0,0.0
0,0.0
0,0.0
0,0.0
0,0.0
0,0.0
0,0.0
0,0.0
0,0.0
0,0.0
0,0.0
0,0.0
0,0.0
0,0.0
0,0.0
0,0.0
0,0.0
0,0.0
97,0.0
0,0.0
0,0.0
0,0.0
0,0.0
0,0.0
0,0.0
0,0.0
0,0.0
0,0.0
0,0.0
0,0.0
0,0.0
0,0.0
0,0.0
97,0.0
0,0.0
0,0.0
0,0.0
0,0.0
0,0.0
0,0.0
0,0.0
0,0.0
0,0.0
0,0.0
0,0.0
0,0.0
0,0.0
0,0.0
97,0.0
0,0.0
0,0.0
0,0.0
0,0.0
0,0.0
0,0.0
0,0.0
0,0.0
0,0.0
0,0.0
0,0.0
0,0.0
0,0.0
0,0.0
0,0.0
0,0.0
0,0.0
0,0.0
0,0.0
0,0.0
0,0.0
0,0.0
0,0.0
0,0.0
0,0.0
0,0.0
0,0.0
0,0.0
0,0.0
0,0.0
0,0.0
0,0.0
0,0.0
0,0.0
0,0.0
0,0.0
0,0.0
0,0.0
0,0.0
0,0.0
0,0.0
0,0.0
0,0.0
0,0.0
0,0.0
0,0.0
0,0.0
0,0.0
0,384.00000000000006
0,0.0
0,0.0
0,0.0
0,0.0
0,0.0
98,0.0
0,0.0
98,0.0
0,0.0
0,0.0
0,0.0
0,0.0
0,0.0
0,0.0
0,0.0
0,0.0
0,0.0
0,0.0
0,0.0
0,0.0
0,0.0
0,0.0
0,0.0
0,0.0
0,0.0
0,0.0
0,0.0
0,81.5
0,0.0
0,0.0
0,0.0
0,0.0
0,0.0
0,0.0
0,0.0
0,0.0
0,0.0
0,0.0
0,0.0
0,0.0
0,0.0
0,0.0
0,0.0
0,0.0
0,0.0
0,0.0
0,0.0
0,803.9999999999999
0,0.0
0,0.0
0,0.0
0,0.0
0,0.0
0,0.0
0,0.0
0,0.0
0,0.0
0,0.0
0,0.0
0,0.0
0,0.0
0,0.0
0,0.0
0,0.0
0,0.0
0,0.0
0,0.0
0,0.0
0,0.0
0,0.0
0,38.33333333
101,0.0
0,0.0
0,0.0
0,0.0
0,0.0
0,0.0
0,0.0
0,0.0
0,0.0
0,0.0
0,0.0
0,0.0
0,0.0
101,0.0
0,0.0
101,0.0
0,0.0
0,0.0
0,0.0
0,0.0
101,0.0
0,0.0
0,0.0
0,0.0
0,0.0
0,0.0
0,0.0
0,0.0
0,0.0
0,0.0
0,0.0
0,0.0
101,0.0
0,0.0
0,0.0
0,0.0
0,0.0
0,0.0
0,0.0
0,0.0
101,0.0
0,0.0
0,0.0
0,0.0
0,0.0
0,0.0
0,0.0
0,0.0
0,0.0
0,0.0
0,0.0
0,0.0
0,0.0
0,0.0
0,0.0
0,0.0
0,0.0
0,0.0
0,0.0
101,0.0
0,0.0
0,0.0
0,0.0
0,0.0
0,0.0
0,0.0
0,0.0
0,0.0
0,0.0
0,0.0
0,92.0
0,0.0
0,34.66666667
0,44.0
0,66.0
0,169.49999999999997
0,52.99999999999999
0,146.99999999999997
0,116.49999999999999
0,30.000000000000004
0,260.5
0,177.5714286
0,285.8571429
0,115.0
115,123.24999999999999
0,143.0
0,283.0
0,357.0
0,201.1666667
0,120.0
0,110.5
0,117.71428569999999
0,231.0
0,135.0
0,119.19999999999999
0,153.99999999999997
0,214.0
0,602.0
0,325.0
0,649.0
0,354.00000000000006
0,25.5
0,19.090909089999997
0,51.0
0,56.93023256
0,115.8333333
0,99.01265823
0,31.719999999999995
0,109.50666669999998
0,82.875
141,181.50000000000003
0,33.0
0,115.44827589999998
0,34.0
0,17.66666667
0,101.0930233
0,7.499999999999999
0,32.9
0,122.0
0,37.88888889
0,38.4
0,70.14285714
0,71.69230769
0,264.0
0,259.0
0,104.49999999999999
0,11.0
0,103.50000000000001
159,66.88888889
0,48.93333333
0,49.0
0,0.0
0,93.83333333
0,198.00000000000003
0,99.78465347
0,129.4361702
0,75.60000000000001
0,47.15384615
0,35.33333333
0,38.22222222
0,91.59999999999998
0,146.5
0,18.66666667
0,91.21428571000001
0,33.5
0,45.33333333
0,130.7916667
0,106.20000000000002
0,107.4
0,182.00000000000003
0,141.60000000000002
0,52.0
0,49.75000000000001
0,65.66666667
184,57.20000000000001
0,156.40000000000003
0,117.0
0,57.66666666999999
0,43.64179104
0,56.0
0,275.0
0,45.99999999999999
0,26.25
0,32.16666667
194,61.8
0,105.08333329999999
0,108.5
0,70.03846154
0,139.75000000000003
0,54.66666667
0,78.625
0,143.0
0,36.90909091
0,45.33333333000001
0,104.30921050000002
0,29.499999999999996
0,50.74999999999999
0,29.625
208,117.0
0,77.1
0,80.5
0,26.500000000000004
0,67.62463343
0,18.0
0,38.85714286
0,20.0
0,45.0
0,31.0
0,48.0
0,24.66666667
0,13.499999999999998
0,82.625
0,189.0
0,44.66666667
0,27.0
0,27.0
0,13.000000000000002
0,37.49999999999999
0,113.79999999999998
0,37.66666667
0,33.88888889
0,38.0
0,16.0
0,698.5
0,96.63636364000001
0,129.6666667
0,142.0
0,63.00000000000001
0,76.49999999999999
0,103.19999999999999
0,100.55555559999999
0,123.99999999999999
0,72.25000000000001
0,349.1666667
0,62.84090909
0,5.0
0,103.99999999999999
0,22.999999999999996
0,10.0
0,34.625
0,33.0
0,1002.9999999999999
0,78.0
0,69.4
0,20.5
0,42.4
0,65.0
0,25.4
0,18.999999999999996
0,144.3333333
0,45.4516129
0,135.1818182
0,25.88888889
0,26.0
0,29.63636364
0,211.8
0,28.0
0,32.99999999999999
0,130.7
0,20.0
0,37.53846154
0,55.33333333
0,46.39999999999999
0,82.00414938
0,46.00000000000001
0,176.2
0,141.9642857
0,322.0
0,365.0
0,367.0
0,197.83333329999996
0,98.0
0,15.0
0,80.33333333
0,122.00000000000001
0,119.0
0,111.79999999999998
0,6.666666666999999
0,42.75
0,157.0
0,60.99999999999999
0,69.0
0,82.66666667
0,145.6666667
0,178.42857139999998
0,188.6666667
0,61.20000000000001
0,68.16666667000001
0,80.0
0,92.5
0,53.33333333
0,28.25
0,59.0
0,110.625
0,23.44117647
0,151.7777778
0,53.99999999999999
0,33.33333333
0,81.0
0,38.0
0,0.0
0,79.11111111
0,149.6
0,64.51851851999999
0,26.66666667
0,61.15384615
0,217.0
0,141.99999999999997
0,123.00000000000001
0,41.0
0,159.5
0,199.0
0,193.5
0,9.25
0,35.64285714
0,37.82608696
0,205.0
0,189.0
0,250.0
0,80.85714286
0,108.0
0,21.81818182
0,121.0
0,55.5
0,43.03846153999999
0,44.00000000000001
0,21.0
0,42.93421053000001
0,36.5
0,60.99999999999999
0,73.9
0,41.5
0,89.0
0,272.0
0,133.4
0,127.0
0,281.0
0,19.0
0,65.55319149
0,30.666666670000005
0,18.75
0,64.0
0,29.6
0,99.0
0,127.00000000000001
0,185.5
0,121.50000000000001
0,106.25000000000001
0,56.0
0,53.5
0,188.0
0,115.49999999999999
0,30.0
0,81.75
0,63.0
0,93.20000000000002
0,152.0
0,180.00000000000003
0,135.00000000000003
0,44.0
0,17.0
0,47.0
0,57.5
0,24.0
0,16.0
0,206.0
0,67.33333333
0,87.24999999999999
0,65.5
0,208.0
0,156.99999999999997
0,115.6666667
0,19.0
382,112.08333330000002
383,208.00000000000003
384,210.0
385,59.75
386,181.0
386,0.0
387,66.25
388,64.5
389,54.5
390,112.99999999999999
391,442.6666667
392,144.5
393,173.99999999999997
394,152.0
395,54.50000000000001
396,45.0
397,29.0
398,96.15789474
399,53.5
400,61.0
401,8.25
402,105.5
403,165.0
404,107.99999999999999
405,37.125
406,127.0
407,54.5
408,64.0
409,40.0
410,56.900000000000006
411,102.25000000000001
412,34.0
413,29.999999999999996
414,41.0
415,37.0
416,36.0
417,78.71428571
418,100.3333333
419,96.0
420,89.0
421,46.375
422,31.75
423,9.333333333
424,48.99999999999999
425,10.428571430000002
426,43.0
427,19.42857143
428,24.714285709999995
429,141.0
430,139.0
431,72.35714285999998
432,40.5
433,55.33333333000001
434,71.0
435,39.0
436,54.0
437,56.33333333
438,62.5
439,165.0
440,183.0
441,189.49999999999997
442,128.0
443,73.0
444,307.0
445,71.0
446,25.0
447,61.0
448,57.99999999999999
449,20.0
450,18.0
451,157.75
452,159.00000000000003
453,82.0
454,153.0
455,36.0
456,85.5
457,89.74999999999999
458,53.0
459,48.0
460,48.0
461,15.333333329999999
462,26.33333333
463,27.0
464,15.66666667
465,56.193548390000004
466,86.125
467,114.33333330000002
468,132.5555556
469,112.50000000000001
470,101.3
470,0.0
471,4.733333333
472,72.71428571
473,63.59090908999999
474,12.468749999999998
475,133.0
476,6.379310345
477,86.54545455
478,68.89655172
479,76.0
480,74.72727273
481,46.99999999999999
482,97.14285714
483,19.0
484,43.25
485,56.25
486,61.64912281
487,56.26086957
488,93.66666667
489,60.0
490,16.90909091
491,64.69565217
492,15.000000000000002
493,38.44444444
494,118.25
495,23.0
496,144.5
497,22.0
498,38.8
499,60.50000000000001
500,108.36363639999999
501,93.125
0,0.0
0,102.0
0,113.0
3,232.5
4,46.08333333
0,91.0
6,69.0
7,210.5
8,89.5
9,21.0
10,21.0
0,21.0
12,19.0
0,27.000000000000004
14,27.0
15,229.2
0,54.5
0,163.0
18,123.09090909999999
0,180.6666667
0,0.0
0,53.0
22,31.230769229999996
23,128.2
0,62.88461538
25,2.0
0,64.875
27,34.0
0,121.5
29,53.0
30,27.66666667
31,39.85714286
0,96.0
0,44.0
34,24.999999999999996
0,379.0
0,126.0
0,0.0
0,50.0
0,107.0
0,43.74825175
40,46.28571429
41,32.0
42,45.33333333
0,77.0
44,109.85714289999999
45,103.6666667
46,38.66666667
0,72.0
48,61.5
49,52.7
0,31.0
51,132.0
52,38.0
53,8.0
0,11.18181818
0,0.0
0,118.4666667
57,22.000000000000004
58,39.0
0,273.33333329999994
60,38.0
0,13.666666669999998
0,214.99999999999997
0,216.0
0,113.0
65,29.0
0,272.0
67,23.0
68,220.0
0,447.99999999999994
0,595.0
0,604.0
0,350.00000000000006
0,27.0
74,19.0
0,16.75
0,41.99999999999999
77,239.99999999999997
0,181.8
0,85.5
80,139.0
0,174.00000000000003
0,348.0
83,34.875
0,40.5
85,84.66666667
0,207.6666667
0,52.16666666999999
88,56.8
89,0.0
0,3.0
91,12.0
0,108.6666667
0,67.71428571
93,0.0
93,0.0
0,0.0
93,0.0
0,0.0
93,0.0
93,0.0
93,0.0
0,0.0
93,0.0
0,0.0
0,0.0
93,0.0
0,0.0
0,0.0
93,0.0
0,0.0
0,0.0
93,0.0
0,0.0
0,0.0
0,0.0
93,0.0
0,0.0
0,0.0
93,0.0
0,0.0
93,0.0
0,0.0
0,0.0
93,0.0
93,0.0
0,0.0
0,0.0
0,0.0
0,0.0
0,0.0
0,0.0
0,0.0
0,0.0
93,0.0
0,0.0
93,0.0
93,0.0
93,0.0
0,0.0
0,0.0
94,0.0
0,0.0
0,0.0
94,0.0
94,0.0
0,0.0
0,0.0
94,0.0
0,0.0
0,0.0
0,0.0
0,0.0
94,0.0
94,0.0
94,0.0
94,0.0
0,0.0
0,0.0
0,0.0
0,0.0
0,0.0
0,0.0
0,0.0
94,0.0
0,0.0
0,0.0
94,0.0
0,0.0
0,126.6
0,0.0
0,0.0
95,0.0
0,90.0
96,0.0
0,0.0
0,0.0
0,0.0
0,0.0
96,0.0
0,0.0
0,0.0
0,0.0
0,0.0
0,0.0
0,0.0
0,0.0
96,0.0
96,0.0
96,0.0
0,0.0
0,0.0
0,0.0
0,0.0
0,0.0
0,0.0
0,0.0
0,0.0
96,0.0
96,0.0
0,0.0
0,0.0
0,0.0
96,0.0
0,0.0
0,0.0
0,0.0
0,0.0
0,0.0
0,0.0
0,0.0
0,0.0
0,0.0
0,0.0
0,0.0
0,0.0
0,0.0
96,0.0
96,0.0
0,0.0
0,0.0
0,0.0
0,0.0
0,0.0
0,0.0
96,0.0
0,0.0
0,0.0
96,0.0
96,0.0
0,0.0
96,0.0
0,0.0
0,0.0
0,0.0
0,0.0
0,0.0
0,0.0
0,0.0
0,0.0
0,0.0
0,0.0
0,0.0
0,0.0
0,0.0
0,0.0
0,0.0
0,0.0
0,0.0
0,0.0
0,0.0
0,0.0
0,0.0
0,0.0
0,0.0
0,0.0
0,0.0
0,0.0
0,0.0
0,0.0
0,0.0
0,148.0
0,0.0
97,0.0
0,0.0
0,0.0
0,0.0
0,0.0
0,0.0
98,0.0
0,0.0
0,0.0
0,0.0
0,0.0
0,0.0
0,0.0
0,0.0
98,0.0
0,0.0
0,0.0
0,0.0
0,0.0
0,0.0
0,0.0
98,0.0
0,0.0
0,0.0
0,0.0
0,0.0
0,0.0
0,0.0
0,0.0
0,0.0
0,0.0
0,0.0
0,0.0
0,0.0
0,0.0
0,0.0
98,0.0
0,0.0
98,0.0
0,0.0
0,0.0
0,0.0
0,0.0
0,0.0
0,0.0
0,0.0
0,0.0
0,0.0
0,0.0
0,0.0
0,0.0
0,0.0
0,0.0
0,0.0
0,0.0
0,0.0
0,0.0
0,0.0
0,0.0
0,198.5
0,0.0
0,0.0
0,0.0
0,0.0
0,0.0
99,0.0
0,0.0
99,0.0
0,0.0
0,0.0
99,0.0
99,0.0
0,0.0
99,0.0
0,0.0
99,0.0
0,0.0
0,0.0
0,0.0
0,0.0
0,0.0
0,0.0
0,0.0
0,0.0
0,0.0
0,0.0
99,0.0
99,0.0
0,0.0
0,0.0
0,0.0
0,0.0
0,0.0
0,0.0
0,0.0
0,0.0
0,0.0
0,0.0
0,0.0
0,0.0
0,0.0
0,0.0
0,0.0
0,0.0
0,0.0
0,0.0
0,0.0
0,0.0
0,0.0
99,0.0
0,0.0
0,0.0
0,0.0
0,0.0
0,0.0
0,0.0
0,0.0
0,0.0
0,0.0
0,0.0
0,0.0
0,0.0
0,0.0
0,0.0
99,0.0
0,0.0
0,0.0
0,0.0
0,0.0
0,0.0
0,0.0
0,0.0
0,0.0
0,0.0
0,0.0
0,0.0
0,0.0
0,0.0
0,0.0
99,0.0
0,0.0
0,0.0
0,0.0
0,0.0
0,0.0
0,0.0
0,0.0
0,0.0
0,0.0
0,0.0
0,0.0
0,0.0
0,0.0
0,0.0
0,0.0
0,0.0
0,0.0
0,0.0
0,0.0
0,0.0
0,0.0
0,0.0
0,0.0
0,0.0
0,0.0
0,0.0
0,0.0
0,0.0
0,0.0
0,0.0
0,0.0
0,0.0
0,0.0
0,0.0
0,0.0
0,0.0
0,0.0
0,0.0
0,0.0
0,0.0
0,0.0
0,0.0
0,0.0
0,0.0
0,0.0
0,0.0
0,0.0
0,0.0
0,384.0
0,0.0
0,0.0
0,0.0
0,0.0
0,0.0
100,0.0
0,0.0
100,0.0
0,0.0
0,0.0
0,0.0
0,0.0
0,0.0
0,0.0
0,0.0
0,0.0
0,0.0
0,0.0
0,0.0
0,0.0
0,0.0
0,0.0
0,0.0
0,0.0
0,0.0
0,0.0
0,0.0
0,0.0
0,0.0
0,0.0
0,0.0
0,0.0
0,0.0
0,0.0
0,0.0
0,0.0
0,0.0
0,0.0
0,0.0
0,0.0
0,0.0
0,0.0
0,0.0
0,0.0
0,0.0
0,0.0
0,0.0
0,803.9999999999999
0,0.0
0,0.0
0,0.0
0,0.0
0,0.0
0,0.0
0,0.0
0,0.0
0,0.0
0,0.0
0,0.0
0,0.0
0,0.0
0,0.0
0,0.0
0,0.0
0,0.0
0,0.0
0,0.0
0,0.0
0,0.0
0,0.0
0,38.33333333
102,0.0
0,0.0
0,0.0
0,0.0
0,0.0
0,0.0
0,0.0
0,0.0
0,0.0
0,0.0
0,0.0
0,0.0
0,0.0
102,0.0
0,0.0
102,0.0
0,0.0
0,0.0
0,0.0
0,0.0
102,0.0
0,0.0
0,0.0
0,0.0
0,47.99999999999999
0,0.0
0,0.0
0,0.0
0,0.0
0,0.0
0,0.0
0,0.0
103,0.0
0,0.0
0,0.0
0,0.0
0,0.0
0,0.0
0,0.0
0,0.0
103,0.0
0,0.0
0,0.0
0,0.0
0,0.0
0,0.0
0,0.0
0,0.0
0,0.0
0,31.666666669999998
0,0.0
0,0.0
0,0.0
0,0.0
0,0.0
0,0.0
0,0.0
0,0.0
0,0.0
104,0.0
0,0.0
0,0.0
0,0.0
0,0.0
0,0.0
0,0.0
0,0.0
0,0.0
0,0.0
0,0.0
0,92.0
0,0.0
0,0.0
0,43.99999999999999
0,66.00000000000001
0,169.5
0,53.0
0,146.99999999999997
0,116.5
0,30.0
0,260.5
0,177.57142860000002
0,285.85714289999993
0,115.0
117,123.25
0,143.0
0,283.0
0,356.99999999999994
0,201.1666667
0,120.00000000000001
0,110.5
0,117.7142857
0,231.0
0,135.0
0,119.20000000000002
0,154.0
0,214.0
0,602.0
0,325.0
0,648.9999999999999
0,354.0
0,25.5
0,19.09090909
0,51.0
0,56.93023256
0,115.83333329999999
0,99.01265823
0,31.72
0,109.50666670000001
0,82.87500000000001
143,181.50000000000003
0,33.0
0,115.4482759
0,34.0
0,17.66666667
0,101.0930233
0,7.499999999999999
0,32.9
0,122.0
0,37.88888889
0,38.4
0,70.14285714
0,71.69230769
0,264.0
0,259.0
0,104.50000000000001
0,11.0
0,103.5
161,66.88888889000002
0,48.93333333
0,49.0
0,76.72727273000001
0,93.83333332999999
0,198.0
0,99.78465347
0,129.4361702
0,75.6
0,47.15384615
0,35.33333333000001
0,38.22222222
0,91.6
0,146.50000000000003
0,18.66666667
0,91.21428571
0,33.5
0,45.333333329999995
0,130.7916667
0,106.20000000000002
0,107.39999999999999
0,182.0
0,141.6
0,52.00000000000001
0,49.74999999999999
0,65.66666667
187,57.2
0,156.39999999999998
0,117.0
0,57.66666667
0,43.64179104
0,56.0
0,275.00000000000006
0,46.0
0,26.25
0,32.16666667
197,61.8
0,105.0833333
0,108.5
0,70.03846154000001
0,139.74999999999997
0,54.66666667
0,78.625
0,143.0
0,36.90909091
0,45.33333333
0,104.3092105
0,29.5
0,50.75000000000001
0,29.625
211,116.99999999999999
0,77.1
0,80.5
0,26.499999999999996
0,67.62463343
0,18.0
0,38.857142859999996
0,19.999999999999996
0,45.00000000000001
0,30.999999999999996
0,47.99999999999999
0,24.66666667
0,13.5
0,82.625
0,189.0
0,44.66666667
0,27.000000000000004
0,27.0
0,12.999999999999998
0,37.5
0,113.8
0,37.66666667
0,33.88888889
0,38.0
0,16.0
0,698.5
0,96.63636364000001
0,129.6666667
0,142.0
0,63.0
0,76.5
0,103.20000000000002
0,100.5555556
0,124.0
0,72.25
0,349.1666667
0,62.840909090000004
0,5.0
0,104.00000000000001
0,23.0
0,10.0
0,34.62499999999999
0,33.0
0,1003.0
0,78.0
0,69.4
0,20.5
0,42.4
0,65.0
0,25.399999999999995
0,19.0
0,144.3333333
0,45.4516129
0,135.1818182
0,25.888888890000004
0,26.000000000000004
0,29.636363640000003
0,211.80000000000004
0,27.999999999999996
0,33.0
0,130.7
0,20.0
0,37.53846154
0,55.33333333
0,46.4
0,82.00414937999999
0,46.0
0,176.19999999999996
0,141.9642857
0,322.00000000000006
0,365.00000000000006
0,367.0
0,197.8333333
0,98.0
0,15.0
0,80.33333332999999
0,122.0
0,119.00000000000001
0,111.8
0,6.666666666999999
0,42.75
0,157.0
0,61.00000000000001
0,69.0
0,82.66666667
0,145.6666667
0,178.4285714
0,188.6666667
0,61.20000000000001
0,68.16666666999998
0,79.99999999999999
0,92.5
0,53.333333329999995
0,28.249999999999996
0,58.99999999999999
0,110.625
0,23.441176470000002
0,151.77777779999997
0,54.0
0,33.33333333
0,81.0
0,37.99999999999999
0,16.0
0,79.11111111
0,149.60000000000002
0,64.51851852000001
0,26.666666669999998
0,61.15384614999999
0,217.0
0,142.0
0,123.0
0,41.0
0,159.5
0,199.00000000000003
0,193.5
0,9.25
0,35.64285714
0,37.82608696
0,204.99999999999997
0,189.0
0,249.99999999999997
0,80.85714286
0,107.99999999999999
0,21.81818182
0,121.0
0,55.5
0,43.03846154
0,44.0
0,21.0
0,42.93421053
0,36.50000000000001
0,61.00000000000001
0,73.9
0,41.5
0,89.0
0,272.0
0,133.4
0,126.99999999999999
0,281.0
0,19.0
0,65.55319149
0,30.666666669999998
0,18.749999999999996
0,64.0
0,29.6
0,99.0
0,127.0
0,185.49999999999997
0,121.5
0,106.25
0,56.00000000000001
0,53.49999999999999
0,188.0
0,115.50000000000001
0,30.000000000000004
0,81.75
0,63.0
0,93.20000000000002
0,152.0
0,180.0
0,135.0
0,44.0
0,17.0
0,47.0
0,57.50000000000001
0,24.000000000000004
0,16.0
0,206.0
0,67.33333333
0,87.25
0,65.5
0,208.0
0,157.0
0,115.66666670000001
0,19.0
386,112.08333330000002
387,208.0
388,210.0
389,59.75
390,181.0
390,0.0
391,66.25
392,64.5
393,54.49999999999999
394,112.99999999999999
395,442.6666667
396,144.50000000000003
397,174.0
398,152.00000000000003
399,54.5
400,44.99999999999999
401,29.000000000000004
402,96.15789473999999
403,53.5
404,61.0
405,8.25
406,105.5
407,165.0
408,108.0
409,37.125
410,127.0
411,54.5
412,63.99999999999999
413,40.00000000000001
414,56.900000000000006
415,102.25
416,34.0
417,30.0
418,41.0
419,37.0
420,36.0
421,78.71428571
422,100.33333330000002
423,96.0
424,89.0
425,46.37499999999999
426,31.750000000000004
427,9.333333333
428,49.0
429,10.428571430000002
430,43.0
431,19.428571429999998
432,24.71428571
433,141.0
434,139.0
435,72.35714286
436,40.5
437,55.33333333000001
438,71.00000000000001
439,39.0
440,53.99999999999999
441,56.33333333
441,0.0
442,165.0
443,183.0
444,189.5
445,128.0
446,73.0
447,307.0
448,71.00000000000001
449,25.0
450,61.00000000000001
451,58.0
452,20.0
453,17.999999999999996
454,157.75
455,159.0
456,82.0
457,153.0
458,36.0
459,85.5
460,89.75
461,53.0
462,48.0
463,48.0
464,15.333333330000002
465,26.333333330000002
466,27.0
467,15.66666667
468,56.193548390000004
469,86.12499999999999
470,114.33333330000002
471,132.5555556
472,112.49999999999999
473,101.30000000000001
473,0.0
474,4.733333333
475,72.71428571
476,63.59090909
477,12.468749999999998
478,133.0
479,6.379310345
480,86.54545455
481,68.89655172
482,76.0
483,74.72727273
484,47.00000000000001
485,97.14285714
486,19.0
487,43.25
488,56.25
489,61.64912281
490,56.26086957
491,93.66666667
492,60.00000000000001
493,16.90909091
494,64.69565217
495,15.0
496,38.44444444
497,118.25000000000001
498,23.000000000000004
499,144.5
500,22.000000000000004
501,38.8
502,60.5
503,108.3636364
504,93.12499999999999
0,0.0
0,102.0
0,0.0
2,232.5
3,46.08333333
0,91.0
5,69.0
6,210.49999999999997
7,89.5
8,21.0
9,21.0
0,21.0
11,19.0
0,27.0
13,27.000000000000004
14,229.2
0,54.5
0,163.0
17,123.0909091
0,180.66666669999998
0,0.0
0,53.0
21,31.23076923
22,128.2
0,62.88461538
24,2.0
0,64.875
26,34.0
0,121.5
28,53.0
29,27.666666670000005
30,39.85714286
0,96.0
0,44.0
33,25.0
0,379.0
0,125.99999999999999
0,0.0
0,50.0
0,107.00000000000001
0,43.74825175
39,46.28571429
40,32.0
41,45.33333333
0,77.0
43,109.8571429
44,103.6666667
45,38.66666667
0,72.0
47,61.49999999999999
48,52.7
0,31.0
50,132.0
51,38.0
52,8.0
0,11.18181818
0,0.0
0,118.46666670000002
56,22.0
57,39.0
0,273.3333333
59,38.0
0,13.66666667
0,215.0
0,216.0
0,113.0
64,29.0
0,272.0
66,23.0
67,219.99999999999997
0,448.00000000000006
0,595.0
0,604.0
0,350.00000000000006
0,27.0
73,19.0
0,16.75
0,41.99999999999999
76,240.0
0,181.8
0,85.50000000000001
79,139.0
0,174.0
0,348.00000000000006
82,34.875
0,40.5
84,84.66666667
0,207.66666670000004
0,52.16666667
87,56.8
88,0.0
0,3.0
90,12.0
0,108.6666667
0,67.71428570999998
92,0.0
92,0.0
0,0.0
92,0.0
0,0.0
92,0.0
92,0.0
92,0.0
0,0.0
92,0.0
0,0.0
0,0.0
92,0.0
0,0.0
0,0.0
92,0.0
0,0.0
0,0.0
92,0.0
0,0.0
0,0.0
0,0.0
92,0.0
0,0.0
0,0.0
92,0.0
0,0.0
92,0.0
0,0.0
0,0.0
92,0.0
92,0.0
0,0.0
0,0.0
0,0.0
0,0.0
0,0.0
0,0.0
0,0.0
0,0.0
92,0.0
0,0.0
92,0.0
92,0.0
92,0.0
0,0.0
0,0.0
93,0.0
0,0.0
0,0.0
93,0.0
93,0.0
0,0.0
0,0.0
93,0.0
0,0.0
0,0.0
0,0.0
0,0.0
93,0.0
93,0.0
93,0.0
93,0.0
0,0.0
0,0.0
0,0.0
0,0.0
0,0.0
0,0.0
0,0.0
93,0.0
0,0.0
0,0.0
93,0.0
0,0.0
0,0.0
0,0.0
0,0.0
93,0.0
0,0.0
93,0.0
0,0.0
0,0.0
0,0.0
0,0.0
93,0.0
0,0.0
0,0.0
0,0.0
0,0.0
0,0.0
0,0.0
0,0.0
93,0.0
93,0.0
93,0.0
0,0.0
0,0.0
0,0.0
0,0.0
0,0.0
0,0.0
0,0.0
0,0.0
93,0.0
93,0.0
0,0.0
0,0.0
0,0.0
93,0.0
0,0.0
0,0.0
0,0.0
0,0.0
0,0.0
0,0.0
0,0.0
0,0.0
0,0.0
0,0.0
0,0.0
0,0.0
0,0.0
93,0.0
93,0.0
0,0.0
0,0.0
0,0.0
0,0.0
0,0.0
0,0.0
93,0.0
0,0.0
0,0.0
93,0.0
93,0.0
0,0.0
93,0.0
0,0.0
0,0.0
0,0.0
0,0.0
0,0.0
0,0.0
0,0.0
0,0.0
0,0.0
0,0.0
0,0.0
0,0.0
0,0.0
0,0.0
0,0.0
0,0.0
0,0.0
0,0.0
0,0.0
0,0.0
0,0.0
0,0.0
0,0.0
0,0.0
0,0.0
0,0.0
0,0.0
0,0.0
0,0.0
0,148.0
0,0.0
94,0.0
0,0.0
0,0.0
0,0.0
0,0.0
0,0.0
95,0.0
0,0.0
0,0.0
0,0.0
0,0.0
0,0.0
0,0.0
0,0.0
95,0.0
0,0.0
0,0.0
0,0.0
0,0.0
0,0.0
0,0.0
95,0.0
0,0.0
0,0.0
0,0.0
0,0.0
0,0.0
0,0.0
0,89.0
0,0.0
0,0.0
0,0.0
0,0.0
0,0.0
0,0.0
0,0.0
96,0.0
0,0.0
96,0.0
0,0.0
0,0.0
0,0.0
0,0.0
0,0.0
0,0.0
0,0.0
0,0.0
0,0.0
0,0.0
0,0.0
0,0.0
0,0.0
0,0.0
0,0.0
0,0.0
0,0.0
0,0.0
0,0.0
0,0.0
0,198.50000000000003
0,0.0
0,0.0
0,0.0
0,0.0
0,0.0
97,0.0
0,0.0
97,0.0
0,0.0
0,0.0
97,0.0
97,0.0
0,0.0
97,0.0
0,0.0
97,0.0
0,0.0
0,0.0
0,0.0
0,0.0
0,0.0
0,0.0
0,0.0
0,0.0
0,0.0
0,0.0
97,0.0
97,0.0
0,0.0
0,0.0
0,0.0
0,0.0
0,0.0
0,0.0
0,0.0
0,0.0
0,0.0
0,0.0
0,0.0
0,152.0
0,0.0
0,0.0
0,0.0
0,0.0
0,0.0
0,0.0
0,0.0
0,0.0
0,0.0
98,0.0
0,0.0
0,0.0
0,0.0
0,0.0
0,0.0
0,0.0
0,0.0
0,0.0
0,0.0
0,0.0
0,0.0
0,0.0
0,0.0
0,0.0
98,0.0
0,0.0
0,0.0
0,0.0
0,0.0
0,0.0
0,0.0
0,0.0
0,0.0
0,0.0
0,0.0
0,0.0
0,0.0
0,0.0
0,0.0
98,0.0
0,0.0
0,0.0
0,0.0
0,0.0
0,0.0
0,0.0
0,0.0
0,0.0
0,0.0
0,0.0
0,0.0
0,0.0
0,0.0
0,0.0
0,0.0
0,0.0
0,0.0
0,0.0
0,0.0
0,0.0
0,0.0
0,0.0
0,0.0
0,0.0
0,0.0
0,0.0
0,0.0
0,0.0
0,0.0
0,0.0
0,0.0
0,0.0
0,0.0
0,0.0
0,0.0
0,0.0
0,0.0
0,0.0
0,0.0
0,0.0
0,0.0
0,0.0
0,0.0
0,0.0
0,0.0
0,0.0
0,0.0
0,0.0
0,384.0
0,0.0
0,0.0
0,0.0
0,0.0
0,0.0
99,0.0
0,0.0
99,0.0
0,0.0
0,0.0
0,0.0
0,0.0
0,0.0
0,0.0
0,0.0
0,0.0
0,0.0
0,0.0
0,0.0
0,0.0
0,0.0
0,0.0
0,0.0
0,47.0
0,0.0
0,0.0
0,0.0
0,0.0
0,0.0
0,0.0
0,0.0
0,0.0
0,0.0
0,0.0
0,0.0
0,0.0
0,0.0
0,0.0
0,0.0
0,0.0
0,0.0
0,0.0
0,0.0
0,0.0
0,0.0
0,0.0
0,0.0
0,803.9999999999999
0,0.0
0,0.0
0,0.0
0,0.0
0,0.0
0,0.0
0,0.0
0,0.0
0,0.0
0,0.0
0,0.0
0,0.0
0,0.0
0,0.0
0,0.0
0,0.0
0,0.0
0,0.0
0,0.0
0,0.0
0,0.0
0,0.0
0,38.33333333
102,0.0
0,0.0
0,0.0
0,0.0
0,0.0
0,0.0
0,0.0
0,0.0
0,0.0
0,0.0
0,0.0
0,0.0
0,0.0
102,0.0
0,0.0
102,0.0
0,0.0
0,0.0
0,0.0
0,0.0
102,0.0
0,0.0
0,0.0
0,0.0
0,0.0
0,0.0
0,0.0
0,0.0
0,0.0
0,0.0
0,0.0
0,0.0
102,0.0
0,0.0
0,0.0
0,0.0
0,0.0
0,0.0
0,0.0
0,0.0
102,0.0
0,0.0
0,0.0
0,0.0
0,0.0
0,0.0
0,0.0
0,0.0
0,0.0
0,0.0
0,0.0
0,0.0
0,0.0
0,0.0
0,0.0
0,0.0
0,0.0
0,0.0
0,0.0
102,0.0
0,0.0
0,0.0
0,0.0
0,0.0
0,0.0
0,0.0
0,0.0
0,0.0
0,0.0
0,0.0
0,92.0
0,0.0
0,34.66666667
0,44.0
0,66.00000000000001
0,169.5
0,53.0
0,147.0
0,116.5
0,29.999999999999996
0,260.5
0,177.5714286
0,285.8571429
0,115.0
116,123.25
0,142.99999999999997
0,283.0
0,357.0
0,201.16666669999998
0,120.0
0,110.5
0,117.7142857
0,231.0
0,135.0
0,119.2
0,154.0
0,214.00000000000003
0,602.0
0,325.0
0,649.0
0,354.0
0,25.5
0,19.09090909
0,51.0
0,56.93023256
0,115.83333329999999
0,99.01265823
0,31.72
0,109.5066667
0,82.875
142,181.5
0,33.0
0,115.4482759
0,34.0
0,17.66666667
0,101.09302329999998
0,7.499999999999999
0,32.9
0,122.0
0,37.888888890000004
0,38.4
0,70.14285714
0,71.69230769
0,264.0
0,259.0
0,104.5
0,11.0
0,103.50000000000001
160,66.88888889
0,48.93333333
0,49.0
0,76.72727273
0,93.83333333
0,198.0
0,99.78465347
0,129.4361702
0,75.6
0,47.15384615
0,35.33333333
0,38.22222221999999
0,91.59999999999998
0,146.5
0,18.666666669999998
0,91.21428571
0,33.5
0,45.33333333
0,130.7916667
0,106.2
0,107.4
0,181.99999999999997
0,141.6
0,52.0
0,49.75
0,65.66666667
186,57.2
0,156.4
0,116.99999999999999
0,57.66666666999999
0,43.64179104
0,56.00000000000001
0,275.0
0,46.0
0,26.25
0,32.16666667
196,61.800000000000004
0,105.0833333
0,108.49999999999999
0,70.03846154
0,139.75
0,54.66666666999999
0,78.625
0,143.0
0,0.0
0,45.33333333
0,104.3092105
0,29.5
0,50.75
0,29.625
209,116.99999999999999
0,77.1
0,80.5
0,26.5
0,67.62463343
0,18.0
0,38.85714286
0,20.0
0,45.00000000000001
0,31.0
0,48.0
0,24.66666667
0,13.5
0,82.625
0,188.99999999999997
0,44.66666667
0,27.0
0,27.0
0,13.000000000000002
0,37.5
0,113.79999999999998
0,37.66666667
0,33.88888889
0,38.0
0,16.0
0,698.5
0,96.63636364
0,129.66666670000004
0,142.0
0,63.0
0,76.5
0,103.2
0,100.5555556
0,123.99999999999999
0,72.25
0,349.1666667
0,62.84090909
0,5.0
0,104.0
0,23.0
0,10.0
0,34.625
0,33.0
0,1002.9999999999999
0,78.0
0,69.4
0,20.499999999999996
0,42.4
0,65.0
0,25.400000000000002
0,18.999999999999996
0,144.3333333
0,45.45161290000001
0,135.1818182
0,25.88888889
0,26.000000000000004
0,29.636363639999995
0,211.8
0,27.999999999999996
0,33.0
0,130.7
0,20.0
0,37.53846154
0,55.33333333
0,46.4
0,82.00414938
0,46.0
0,176.20000000000002
0,141.9642857
0,322.00000000000006
0,365.0
0,367.0
0,197.8333333
0,98.0
0,15.0
0,80.33333333
0,122.00000000000001
0,119.0
0,111.8
0,6.666666667
0,42.75
0,157.0
0,61.0
0,69.0
0,82.66666667
0,145.6666667
0,178.4285714
0,188.6666667
0,61.20000000000001
0,68.16666667
0,80.0
0,92.49999999999999
0,53.333333329999995
0,28.249999999999996
0,59.00000000000001
0,110.625
0,23.44117647
0,151.77777780000002
0,54.0
0,33.33333333
0,81.0
0,38.0
0,16.0
0,79.11111111000001
0,149.6
0,64.51851852000001
0,26.66666667
0,61.15384615000001
0,217.0
0,142.0
0,123.0
0,41.00000000000001
0,159.5
0,199.0
0,193.5
0,9.25
0,35.64285714
0,37.826086960000005
0,204.99999999999997
0,189.00000000000003
0,249.99999999999997
0,80.85714286000001
0,108.0
0,21.81818182
0,121.00000000000001
0,55.5
0,43.03846153999999
0,44.0
0,21.0
0,42.934210529999994
0,36.5
0,61.0
0,73.9
0,41.5
0,89.0
0,272.0
0,133.4
0,127.0
0,281.00000000000006
0,19.0
0,65.55319149
0,30.66666667
0,18.75
0,64.0
0,29.6
0,99.00000000000001
0,127.00000000000001
0,185.5
0,121.49999999999999
0,106.24999999999999
0,56.0
0,53.5
0,188.0
0,115.5
0,30.0
0,81.75
0,63.00000000000001
0,93.2
0,152.0
0,180.00000000000003
0,135.0
0,44.0
0,17.0
0,47.0
0,57.5
0,23.999999999999996
0,16.0
0,206.0
0,67.33333333
0,87.25
0,65.5
0,208.0
0,156.99999999999997
0,115.6666667
0,19.0
384,112.0833333
385,207.99999999999997
386,210.00000000000003
387,59.75
388,181.0
388,0.0
389,66.25
390,64.5
391,54.50000000000001
392,113.0
393,442.66666669999995
394,144.5
395,174.0
396,152.0
397,54.5
398,44.99999999999999
399,29.0
400,96.15789474
401,53.49999999999999
402,61.0
403,8.25
404,105.5
405,165.0
406,108.0
407,37.125
408,127.0
409,54.5
410,64.0
411,40.0
412,56.900000000000006
413,102.25
414,34.0
415,30.0
416,41.0
417,37.0
418,36.0
419,78.71428571
420,100.3333333
421,95.99999999999999
422,89.0
423,46.375
424,31.75
425,9.333333333
426,49.0
427,10.42857143
428,43.0
429,19.42857143
430,24.71428571
431,141.0
432,139.0
433,72.35714285999998
434,40.5
435,55.33333333
436,71.0
437,39.0
438,54.0
439,56.33333333
440,62.50000000000001
441,165.0
442,183.0
443,189.5
444,128.0
445,73.0
446,307.0
447,71.0
448,25.0
449,61.0
450,58.0
451,20.0
452,18.0
453,157.75
454,159.0
455,82.0
456,153.0
457,36.0
458,85.5
459,89.75
460,52.99999999999999
461,48.00000000000001
462,48.0
463,15.33333333
464,26.33333333
465,27.0
466,15.666666670000001
467,56.193548390000004
468,86.125
469,114.3333333
470,132.5555556
471,112.5
472,101.3
472,0.0
473,4.733333333
474,72.71428571
475,63.59090909
476,12.46875
477,133.00000000000003
478,6.379310345
479,86.54545455
480,68.89655172
481,76.0
482,74.72727273
483,47.00000000000001
484,97.14285714
485,19.0
486,43.25000000000001
487,56.25
488,61.64912281
489,56.26086957
490,93.66666667
491,60.0
492,16.90909091
493,64.69565216999999
494,15.000000000000002
495,38.44444444
496,118.24999999999999
497,23.0
498,144.5
499,21.999999999999996
500,38.800000000000004
501,60.5
502,108.3636364
503,93.12500000000001
0,0.0
0,102.0
0,113.0
3,232.5
4,46.08333333
0,91.0
6,69.0
7,210.5
8,89.5
9,21.0
10,21.0
0,21.0
12,19.0
0,27.000000000000004
14,27.0
15,229.2
0,54.5
0,163.0
18,123.09090909999999
0,180.6666667
0,0.0
0,53.0
22,31.230769229999996
23,128.2
0,62.88461538
25,2.0
0,64.875
27,34.0
0,121.5
29,53.0
30,27.66666667
31,39.85714286
0,96.0
0,44.0
34,24.999999999999996
0,379.0
0,126.0
0,0.0
0,50.0
0,107.0
0,43.74825175
40,46.28571429
41,32.0
42,45.33333333
0,77.0
44,109.85714289999999
45,103.6666667
46,38.66666667
0,72.0
48,61.5
49,52.7
0,31.0
51,132.0
52,38.0
53,8.0
0,11.18181818
0,0.0
0,118.4666667
57,22.000000000000004
58,39.0
0,273.33333329999994
60,38.0
0,13.666666669999998
0,214.99999999999997
0,216.0
0,113.0
65,29.0
0,272.0
67,23.0
68,220.0
0,447.99999999999994
0,595.0
0,604.0
0,350.00000000000006
0,27.0
74,19.0
0,16.75
0,41.99999999999999
77,239.99999999999997
0,181.8
0,85.5
80,139.0
0,174.00000000000003
0,348.0
83,34.875
0,40.5
85,84.66666667
0,207.6666667
0,52.16666666999999
88,56.8
89,0.0
0,3.0
91,12.0
0,108.6666667
0,67.71428571
93,0.0
93,0.0
0,0.0
93,0.0
0,0.0
93,0.0
93,0.0
93,0.0
0,0.0
93,0.0
0,0.0
0,0.0
93,0.0
0,0.0
0,0.0
93,0.0
0,0.0
0,0.0
93,0.0
0,0.0
0,0.0
0,0.0
93,0.0
0,0.0
0,0.0
93,0.0
0,0.0
93,0.0
0,0.0
0,0.0
93,0.0
93,0.0
0,0.0
0,0.0
0,0.0
0,0.0
0,0.0
0,0.0
0,0.0
0,0.0
93,0.0
0,0.0
93,0.0
93,0.0
93,0.0
0,0.0
0,0.0
94,0.0
0,0.0
0,0.0
94,0.0
94,0.0
0,0.0
0,0.0
94,0.0
0,0.0
0,0.0
0,0.0
0,0.0
94,0.0
94,0.0
94,0.0
94,0.0
0,0.0
0,0.0
0,0.0
0,0.0
0,0.0
0,0.0
0,0.0
94,0.0
0,0.0
0,0.0
94,0.0
0,0.0
0,0.0
0,0.0
0,0.0
94,0.0
0,0.0
94,0.0
0,0.0
0,0.0
0,0.0
0,0.0
94,0.0
0,0.0
0,0.0
0,0.0
0,0.0
0,0.0
0,0.0
0,0.0
94,0.0
94,0.0
94,0.0
0,0.0
0,0.0
0,0.0
0,0.0
0,0.0
0,0.0
0,0.0
0,0.0
94,0.0
94,0.0
0,0.0
0,0.0
0,0.0
94,0.0
0,0.0
0,0.0
0,0.0
0,0.0
0,0.0
0,0.0
0,0.0
0,0.0
0,0.0
0,0.0
0,0.0
0,0.0
0,0.0
94,0.0
94,0.0
0,0.0
0,0.0
0,0.0
0,0.0
0,0.0
0,0.0
94,0.0
0,0.0
0,0.0
94,0.0
94,0.0
0,0.0
94,0.0
0,0.0
0,0.0
0,0.0
0,0.0
0,0.0
0,0.0
0,0.0
0,0.0
0,0.0
0,0.0
0,0.0
0,0.0
0,0.0
0,0.0
0,0.0
0,0.0
0,0.0
0,0.0
0,0.0
0,0.0
0,0.0
0,0.0
0,0.0
0,0.0
0,0.0
0,0.0
0,0.0
0,0.0
0,0.0
0,148.0
0,0.0
95,0.0
0,0.0
0,0.0
0,0.0
0,0.0
0,0.0
96,0.0
0,0.0
0,0.0
0,0.0
0,0.0
0,0.0
0,0.0
0,0.0
96,0.0
0,0.0
0,0.0
0,0.0
0,0.0
0,0.0
0,0.0
96,0.0
0,0.0
0,0.0
0,0.0
0,0.0
0,0.0
0,0.0
0,0.0
0,0.0
0,0.0
0,0.0
0,0.0
0,0.0
0,0.0
0,0.0
96,0.0
0,0.0
96,0.0
0,0.0
0,0.0
0,0.0
0,0.0
0,0.0
0,0.0
0,0.0
0,0.0
0,0.0
0,0.0
0,0.0
0,0.0
0,0.0
0,0.0
0,0.0
0,0.0
0,0.0
0,0.0
0,0.0
0,0.0
0,198.50000000000003
0,0.0
0,0.0
0,0.0
0,0.0
0,0.0
97,0.0
0,0.0
97,0.0
0,0.0
0,0.0
97,0.0
97,0.0
0,0.0
97,0.0
0,0.0
97,0.0
0,0.0
0,0.0
0,0.0
0,0.0
0,0.0
0,0.0
0,0.0
0,0.0
0,0.0
0,0.0
97,0.0
97,0.0
0,0.0
0,0.0
0,0.0
0,0.0
0,0.0
0,0.0
0,0.0
0,0.0
0,0.0
0,0.0
0,0.0
0,0.0
0,0.0
0,0.0
0,0.0
0,0.0
0,0.0
0,0.0
0,0.0
0,0.0
0,0.0
97,0.0
0,0.0
0,0.0
0,0.0
0,0.0
0,0.0
0,0.0
0,0.0
0,0.0
0,0.0
0,0.0
0,0.0
0,0.0
0,0.0
0,0.0
97,0.0
0,0.0
0,0.0
0,0.0
0,0.0
0,0.0
0,0.0
0,0.0
0,0.0
0,0.0
0,4.999999999999999
0,0.0
0,0.0
0,0.0
0,0.0
98,0.0
0,0.0
0,0.0
0,0.0
0,0.0
0,0.0
0,0.0
0,0.0
0,0.0
0,0.0
0,0.0
0,0.0
0,0.0
0,0.0
0,0.0
0,0.0
0,0.0
0,0.0
0,0.0
0,0.0
0,0.0
0,0.0
0,0.0
0,0.0
0,0.0
0,0.0
0,0.0
0,0.0
0,0.0
0,0.0
0,0.0
0,0.0
0,0.0
0,0.0
0,0.0
0,0.0
0,0.0
0,0.0
0,0.0
0,0.0
0,0.0
0,0.0
0,0.0
0,0.0
0,0.0
0,0.0
0,0.0
0,0.0
0,0.0
0,384.0
0,0.0
0,0.0
0,0.0
0,0.0
0,0.0
99,0.0
0,0.0
99,0.0
0,0.0
0,0.0
0,0.0
0,147.0
0,0.0
0,0.0
0,0.0
0,0.0
0,0.0
0,0.0
0,0.0
0,0.0
0,0.0
0,0.0
0,0.0
0,0.0
0,0.0
0,0.0
0,0.0
0,0.0
0,0.0
0,0.0
0,0.0
0,0.0
0,0.0
0,0.0
0,0.0
0,0.0
0,0.0
0,0.0
0,0.0
0,0.0
0,0.0
0,0.0
0,0.0
0,0.0
0,0.0
0,0.0
0,0.0
0,803.9999999999999
0,0.0
0,0.0
0,0.0
0,0.0
0,0.0
0,0.0
0,0.0
0,0.0
0,0.0
0,0.0
0,0.0
0,0.0
0,0.0
0,0.0
0,0.0
0,0.0
0,161.66666670000004
0,0.0
0,0.0
0,0.0
0,0.0
0,0.0
0,38.33333333
103,0.0
0,0.0
0,0.0
0,0.0
0,0.0
0,0.0
0,0.0
0,0.0
0,0.0
0,0.0
0,0.0
0,0.0
0,49.127272729999994
104,0.0
0,0.0
104,0.0
0,0.0
0,0.0
0,0.0
0,0.0
104,0.0
0,0.0
0,0.0
0,0.0
0,0.0
0,0.0
0,0.0
0,0.0
0,0.0
0,0.0
0,0.0
0,0.0
104,0.0
0,0.0
0,0.0
0,0.0
0,0.0
0,0.0
0,0.0
0,0.0
104,0.0
0,0.0
0,0.0
0,0.0
0,0.0
0,0.0
0,0.0
0,0.0
0,0.0
0,0.0
0,0.0
0,0.0
0,0.0
0,0.0
0,0.0
0,0.0
0,0.0
0,0.0
0,0.0
104,0.0
0,0.0
0,0.0
0,0.0
0,0.0
0,0.0
0,0.0
0,0.0
0,0.0
0,0.0
0,0.0
0,92.0
0,131.0
0,34.66666667
0,44.0
0,65.99999999999999
0,169.5
0,52.99999999999999
0,147.0
0,116.50000000000001
0,30.0
0,260.5
0,177.5714286
0,285.8571429
0,115.0
119,123.24999999999999
0,143.0
0,283.0
0,357.0
0,201.1666667
0,119.99999999999999
0,110.5
0,117.7142857
0,230.99999999999997
0,135.0
0,119.2
0,154.0
0,214.0
0,602.0
0,325.0
0,649.0
0,354.0
0,25.5
0,19.09090909
0,51.0
0,56.93023256
0,115.8333333
0,99.01265823
0,31.719999999999995
0,109.5066667
0,82.875
145,181.5
0,33.0
0,115.44827590000001
0,34.0
0,17.66666667
0,101.09302329999998
0,7.500000000000001
0,32.9
0,122.00000000000001
0,37.88888889
0,38.4
0,70.14285714
0,71.69230769
0,264.0
0,259.0
0,104.5
0,11.0
0,103.49999999999999
163,66.88888889
0,48.933333329999996
0,49.00000000000001
0,76.72727273
0,93.83333333
0,198.0
0,99.78465347000001
0,129.4361702
0,75.6
0,47.15384615
0,35.33333333
0,38.22222221999999
0,91.59999999999998
0,146.49999999999997
0,18.66666667
0,91.21428571
0,33.5
0,45.333333329999995
0,130.7916667
0,106.2
0,107.4
0,182.0
0,141.6
0,51.99999999999999
0,49.75
0,65.66666667
189,57.2
0,156.4
0,117.0
0,57.66666667
0,43.64179104000001
0,55.99999999999999
0,275.0
0,46.0
0,26.250000000000004
0,32.16666666999999
199,61.8
0,105.08333330000002
0,108.50000000000001
0,70.03846154
0,139.75
0,54.66666667
0,78.62499999999999
0,142.99999999999997
0,36.90909091
0,45.33333333
0,104.3092105
0,29.5
0,50.75
0,29.625
213,117.00000000000001
0,77.09999999999998
0,80.5
0,26.5
0,67.62463343
0,18.0
0,38.85714286
0,20.0
0,45.0
0,30.999999999999996
0,48.0
0,24.66666667
0,13.5
0,82.625
0,188.99999999999997
0,44.66666667
0,27.000000000000004
0,26.999999999999996
0,12.999999999999998
0,37.5
0,113.8
0,37.66666667
0,33.88888889
0,38.0
0,15.999999999999998
0,698.5
0,96.63636364
0,129.6666667
0,142.0
0,62.99999999999999
0,76.5
0,103.20000000000002
0,100.55555559999999
0,123.99999999999999
0,72.25
0,349.1666667
0,62.84090909
0,5.0
0,104.0
0,23.0
0,10.0
0,34.625
0,32.99999999999999
0,1003.0000000000001
0,78.00000000000001
0,69.4
0,20.5
0,42.4
0,65.0
0,25.4
0,18.999999999999996
0,144.3333333
0,45.45161290000001
0,135.1818182
0,25.888888889999997
0,25.999999999999996
0,29.63636364
0,211.8
0,28.0
0,33.0
0,130.7
0,20.000000000000004
0,37.53846154
0,55.33333333
0,46.4
0,82.00414938
0,46.0
0,176.2
0,141.9642857
0,322.0
0,364.99999999999994
0,367.0
0,197.8333333
0,98.0
0,15.0
0,80.33333333
0,122.00000000000001
0,119.00000000000001
0,111.8
0,6.666666667
0,42.75
0,157.0
0,60.99999999999999
0,69.0
0,82.66666666999998
0,145.6666667
0,178.42857139999998
0,188.6666667
0,61.20000000000001
0,68.16666667000001
0,79.99999999999999
0,92.5
0,53.33333333
0,28.249999999999996
0,58.99999999999999
0,110.62500000000001
0,23.44117647
0,151.7777778
0,53.99999999999999
0,33.33333333
0,81.00000000000001
0,38.0
0,16.0
0,79.11111111
0,149.6
0,64.51851852
0,26.66666667
0,61.15384615
0,217.00000000000003
0,142.0
0,123.0
0,41.0
0,159.5
0,199.0
0,193.5
0,9.25
0,35.64285714
0,37.82608696
0,204.99999999999997
0,189.00000000000003
0,249.99999999999997
0,80.85714286
0,108.0
0,21.81818182
0,121.0
0,55.5
0,43.03846154
0,43.99999999999999
0,21.0
0,42.93421053
0,36.50000000000001
0,61.0
0,73.9
0,41.5
0,89.0
0,272.0
0,133.4
0,127.00000000000001
0,281.0
0,19.0
0,65.55319149
0,30.666666670000005
0,18.75
0,64.0
0,29.599999999999998
0,98.99999999999999
0,127.00000000000001
0,185.49999999999997
0,121.5
0,106.25
0,56.0
0,53.5
0,188.0
0,115.49999999999999
0,30.0
0,81.75
0,63.00000000000001
0,93.19999999999999
0,152.0
0,179.99999999999997
0,135.0
0,44.0
0,17.0
0,47.0
0,57.49999999999999
0,24.0
0,16.0
0,206.0
0,67.33333333
0,87.25
0,65.5
0,208.0
0,157.0
0,115.6666667
0,19.0
388,112.0833333
389,207.99999999999997
390,210.0
391,59.75
392,181.00000000000003
392,0.0
393,66.25000000000001
394,64.5
395,54.50000000000001
396,113.0
397,442.66666669999995
398,144.5
399,174.0
400,151.99999999999997
401,54.5
402,45.0
403,29.0
404,96.15789473999999
405,53.49999999999999
406,61.00000000000001
407,8.249999999999998
408,105.50000000000001
409,165.0
410,108.0
411,37.125
412,126.99999999999999
413,54.49999999999999
414,64.0
415,40.0
416,56.89999999999999
417,102.24999999999999
418,34.0
419,30.0
420,41.0
421,37.0
422,36.0
423,78.71428571
424,100.33333329999999
425,96.0
426,89.00000000000001
427,46.37500000000001
428,31.75
429,9.333333333
430,49.0
431,10.428571429999998
432,43.0
433,19.42857143
434,24.71428571
435,141.0
436,139.0
437,72.35714286
438,40.5
439,55.33333333
440,71.0
441,39.0
442,54.0
443,56.33333333
444,62.5
445,165.0
446,183.0
447,189.49999999999997
448,128.0
449,73.0
450,307.0
451,71.0
452,25.0
453,61.0
454,58.0
455,20.0
456,18.000000000000004
457,157.75
458,159.00000000000003
459,82.0
460,153.0
461,36.0
462,85.5
463,89.75
464,53.0
465,48.0
466,48.0
467,15.333333330000002
468,26.33333333
469,27.0
470,15.666666670000001
471,56.19354838999999
472,86.125
473,114.3333333
474,132.5555556
475,112.5
476,101.3
476,0.0
477,4.733333333
478,72.71428571
479,63.590909090000004
480,12.46875
481,133.0
482,6.3793103449999995
483,86.54545455000002
484,68.89655172
485,76.0
486,74.72727273
487,47.0
488,97.14285713999999
489,19.0
490,43.25
491,56.25
492,61.649122809999994
493,56.26086957
494,93.66666666999998
495,60.0
496,16.90909091
497,64.69565217000002
498,14.999999999999998
499,38.44444444
500,118.25000000000001
501,23.0
502,144.5
503,22.0
504,38.8
505,60.5
506,108.36363640000002
507,93.125
0,0.0
0,102.0
0,113.0
3,232.5
4,46.08333333
0,91.0
6,69.0
7,210.5
8,89.5
9,21.0
10,21.0
0,21.0
12,19.0
0,27.000000000000004
14,27.0
15,229.2
0,54.5
0,163.0
18,123.09090909999999
0,180.6666667
0,0.0
0,53.0
22,31.230769229999996
23,128.2
0,62.88461538
25,2.0
0,64.875
27,34.0
0,121.5
29,53.0
30,27.66666667
31,39.85714286
0,96.0
0,44.0
34,24.999999999999996
0,379.0
0,126.0
0,0.0
0,50.0
0,107.0
0,43.74825175
40,46.28571429
41,32.0
42,45.33333333
0,77.0
44,109.85714289999999
45,103.6666667
46,38.66666667
0,72.0
48,61.5
49,52.7
0,31.0
51,132.0
52,38.0
53,8.0
0,11.18181818
0,0.0
0,118.4666667
57,22.000000000000004
58,39.0
0,273.33333329999994
60,38.0
0,13.666666669999998
0,214.99999999999997
0,216.0
0,113.0
65,29.0
0,272.0
67,23.0
68,220.0
0,447.99999999999994
0,595.0
0,604.0
0,350.00000000000006
0,27.0
74,19.0
0,16.75
0,41.99999999999999
77,239.99999999999997
0,181.8
0,85.5
80,139.0
0,174.00000000000003
0,348.0
83,34.875
0,40.5
85,84.66666667
0,207.6666667
0,52.16666666999999
88,56.8
89,0.0
0,3.0
90,0.0
0,108.6666667
0,67.71428570999998
92,0.0
92,0.0
0,0.0
92,0.0
0,0.0
92,0.0
92,0.0
92,0.0
0,0.0
92,0.0
0,0.0
0,0.0
92,0.0
0,0.0
0,0.0
92,0.0
0,0.0
0,0.0
92,0.0
0,0.0
0,0.0
0,0.0
92,0.0
0,0.0
0,0.0
92,0.0
0,0.0
92,0.0
0,0.0
0,0.0
92,0.0
92,0.0
0,0.0
0,0.0
0,0.0
0,0.0
0,0.0
0,0.0
0,0.0
0,0.0
92,0.0
0,0.0
92,0.0
92,0.0
92,0.0
0,0.0
0,0.0
93,0.0
0,0.0
0,0.0
93,0.0
93,0.0
0,0.0
0,0.0
93,0.0
0,0.0
0,0.0
0,0.0
0,0.0
93,0.0
93,0.0
93,0.0
93,0.0
0,0.0
0,0.0
0,0.0
0,0.0
0,0.0
0,0.0
0,0.0
93,0.0
0,0.0
0,0.0
93,0.0
0,0.0
0,0.0
0,0.0
0,0.0
93,0.0
0,0.0
93,0.0
0,0.0
0,0.0
0,0.0
0,0.0
93,0.0
0,0.0
0,0.0
0,0.0
0,0.0
0,0.0
0,0.0
0,0.0
93,0.0
93,0.0
93,0.0
0,0.0
0,0.0
0,0.0
0,0.0
0,0.0
0,0.0
0,0.0
0,0.0
93,0.0
93,0.0
0,0.0
0,0.0
0,0.0
93,0.0
0,0.0
0,0.0
0,0.0
0,0.0
0,0.0
0,0.0
0,0.0
0,0.0
0,0.0
0,0.0
0,0.0
0,0.0
0,0.0
93,0.0
93,0.0
0,0.0
0,0.0
0,0.0
0,0.0
0,0.0
0,0.0
93,0.0
0,0.0
0,0.0
93,0.0
93,0.0
0,0.0
93,0.0
0,0.0
0,0.0
0,0.0
0,0.0
0,0.0
0,0.0
0,0.0
0,0.0
0,0.0
0,0.0
0,0.0
0,0.0
0,0.0
0,0.0
0,0.0
0,0.0
0,0.0
0,0.0
0,0.0
0,0.0
0,0.0
0,0.0
0,0.0
0,0.0
0,0.0
0,0.0
0,0.0
0,0.0
0,0.0
0,148.0
0,0.0
94,0.0
0,0.0
0,0.0
0,0.0
0,0.0
0,0.0
95,0.0
0,0.0
0,0.0
0,0.0
0,0.0
0,0.0
0,0.0
0,0.0
95,0.0
0,0.0
0,0.0
0,0.0
0,0.0
0,0.0
0,0.0
95,0.0
0,0.0
0,0.0
0,0.0
0,0.0
0,0.0
0,0.0
0,0.0
0,0.0
0,0.0
0,0.0
0,0.0
0,0.0
0,0.0
0,0.0
95,0.0
0,0.0
95,0.0
0,0.0
0,0.0
0,0.0
0,0.0
0,0.0
0,0.0
0,0.0
0,0.0
0,0.0
0,0.0
0,0.0
0,0.0
0,0.0
0,0.0
0,0.0
0,0.0
0,0.0
0,0.0
0,0.0
0,0.0
0,198.5
0,0.0
0,0.0
0,0.0
0,0.0
0,0.0
96,0.0
0,0.0
96,0.0
0,0.0
0,0.0
96,0.0
96,0.0
0,0.0
96,0.0
0,0.0
96,0.0
0,0.0
0,0.0
0,0.0
0,0.0
0,0.0
0,0.0
0,0.0
0,0.0
0,0.0
0,0.0
96,0.0
96,0.0
0,0.0
0,0.0
0,0.0
0,0.0
0,0.0
0,0.0
0,0.0
0,0.0
0,0.0
0,0.0
0,0.0
0,0.0
0,0.0
0,0.0
0,0.0
0,0.0
0,0.0
0,0.0
0,0.0
0,0.0
0,0.0
96,0.0
0,0.0
0,0.0
0,0.0
0,0.0
0,0.0
0,0.0
0,0.0
0,0.0
0,0.0
0,0.0
0,0.0
0,0.0
0,0.0
0,0.0
96,0.0
0,0.0
0,0.0
0,0.0
0,0.0
0,0.0
0,0.0
0,0.0
0,0.0
0,0.0
0,0.0
0,0.0
0,0.0
0,0.0
0,0.0
96,0.0
0,0.0
0,0.0
0,0.0
0,0.0
0,0.0
0,0.0
0,0.0
0,0.0
0,0.0
0,0.0
0,0.0
0,0.0
0,0.0
0,0.0
0,0.0
0,0.0
0,0.0
0,0.0
0,0.0
0,0.0
0,0.0
0,0.0
0,0.0
0,0.0
0,0.0
0,0.0
0,0.0
0,0.0
0,0.0
0,0.0
0,0.0
0,0.0
0,0.0
0,116.4285714
0,0.0
0,0.0
0,0.0
0,0.0
0,0.0
0,0.0
0,0.0
0,0.0
0,0.0
0,0.0
0,0.0
0,0.0
0,0.0
0,0.0
0,384.00000000000006
0,0.0
0,0.0
0,0.0
0,0.0
0,0.0
98,0.0
0,0.0
98,0.0
0,0.0
0,0.0
0,0.0
0,0.0
0,0.0
0,0.0
0,0.0
0,0.0
0,0.0
0,0.0
0,0.0
0,0.0
0,0.0
0,0.0
0,0.0
0,0.0
0,0.0
0,0.0
0,0.0
0,0.0
0,0.0
0,0.0
0,0.0
0,0.0
0,0.0
0,0.0
0,0.0
0,0.0
0,0.0
0,0.0
0,0.0
0,0.0
0,0.0
0,0.0
0,0.0
0,0.0
0,0.0
0,0.0
0,0.0
0,804.0
0,0.0
0,0.0
0,0.0
0,0.0
0,0.0
0,0.0
0,0.0
0,0.0
0,0.0
0,0.0
0,0.0
0,0.0
0,0.0
0,0.0
0,0.0
0,0.0
0,0.0
0,0.0
0,0.0
0,0.0
0,0.0
0,0.0
0,38.33333333
100,0.0
0,0.0
0,0.0
0,0.0
0,0.0
0,0.0
0,0.0
0,0.0
0,0.0
0,0.0
0,0.0
0,0.0
0,0.0
100,0.0
0,0.0
100,0.0
0,0.0
0,0.0
0,0.0
0,0.0
100,0.0
0,0.0
0,0.0
0,0.0
0,0.0
0,0.0
0,0.0
0,0.0
0,0.0
0,0.0
0,0.0
0,0.0
100,0.0
0,0.0
0,0.0
0,0.0
0,0.0
0,0.0
0,0.0
0,0.0
100,0.0
0,0.0
0,0.0
0,0.0
0,0.0
0,0.0
0,0.0
0,0.0
0,0.0
0,0.0
0,0.0
0,0.0
0,0.0
0,0.0
0,0.0
0,0.0
0,0.0
0,0.0
0,0.0
100,0.0
0,0.0
0,0.0
0,0.0
0,0.0
0,0.0
0,0.0
0,0.0
0,0.0
0,0.0
0,0.0
0,92.0
0,0.0
0,34.66666667
0,44.0
0,66.00000000000001
0,169.5
0,53.0
0,147.0
0,116.5
0,30.0
0,260.5
0,177.57142860000002
0,285.8571429
0,115.0
114,123.25000000000001
0,143.00000000000003
0,283.0
0,357.0
0,201.1666667
0,120.0
0,110.5
0,117.7142857
0,231.0
0,135.0
0,119.2
0,154.0
0,214.00000000000003
0,602.0000000000001
0,325.0
0,649.0
0,354.0
0,25.5
0,19.09090909
0,51.0
0,56.93023256
0,115.83333330000002
0,99.01265823
0,31.72
0,109.5066667
0,82.875
140,181.5
0,33.0
0,115.4482759
0,34.0
0,17.66666667
0,101.0930233
0,7.500000000000001
0,32.9
0,122.0
0,37.88888889
0,38.4
0,70.14285714
0,71.69230769
0,264.0
0,259.0
0,104.5
0,11.0
0,103.5
158,66.88888889
0,48.93333333
0,48.99999999999999
0,76.72727273
0,93.83333333
0,198.00000000000003
0,99.78465347
0,129.4361702
0,75.60000000000001
0,47.15384615
0,35.33333333
0,38.22222222
0,91.59999999999998
0,146.5
0,18.66666667
0,91.21428571000001
0,33.5
0,45.33333333
0,130.7916667
0,106.20000000000002
0,107.4
0,182.00000000000003
0,141.60000000000002
0,52.0
0,49.75000000000001
0,65.66666667
184,57.20000000000001
0,156.40000000000003
0,117.0
0,57.66666666999999
0,43.64179104
0,56.0
0,275.0
0,45.99999999999999
0,26.25
0,32.16666667
194,61.8
0,105.08333329999999
0,108.5
0,70.03846154
0,139.75000000000003
0,54.66666667
0,78.625
0,143.0
0,36.90909091
0,45.33333333000001
0,104.30921050000002
0,29.499999999999996
0,50.74999999999999
0,29.625
208,117.0
0,77.1
0,80.5
0,26.500000000000004
0,67.62463343
0,18.0
0,38.85714286
0,20.0
0,45.0
0,31.0
0,48.0
0,24.66666667
0,13.499999999999998
0,82.625
0,189.0
0,44.66666667
0,27.0
0,27.0
0,13.000000000000002
0,37.49999999999999
0,113.79999999999998
0,37.66666667
0,33.88888889
0,38.0
0,16.0
0,698.5
0,96.63636364000001
0,129.6666667
0,142.0
0,63.00000000000001
0,76.49999999999999
0,103.19999999999999
0,100.55555559999999
0,123.99999999999999
0,72.25000000000001
0,349.1666667
0,62.84090909
0,5.0
0,103.99999999999999
0,22.999999999999996
0,10.0
0,34.625
0,33.0
0,1002.9999999999999
0,78.0
0,69.4
0,20.5
0,42.4
0,65.0
0,25.4
0,18.999999999999996
0,144.3333333
0,45.4516129
0,135.1818182
0,25.88888889
0,26.0
0,29.63636364
0,211.8
0,28.0
0,32.99999999999999
0,130.7
0,20.0
0,37.53846154
0,55.33333333
0,46.39999999999999
0,82.00414938
0,46.00000000000001
0,176.2
0,141.9642857
0,322.0
0,365.0
0,367.0
0,197.83333329999996
0,98.0
0,15.0
0,80.33333333
0,122.00000000000001
0,119.0
0,111.79999999999998
0,6.666666666999999
0,42.75
0,157.0
0,60.99999999999999
0,69.0
0,82.66666667
0,145.6666667
0,178.42857139999998
0,188.6666667
0,61.20000000000001
0,68.16666667000001
0,80.0
0,92.5
0,53.33333333
0,28.25
0,59.0
0,110.625
0,23.44117647
0,151.7777778
0,53.99999999999999
0,33.33333333
0,81.0
0,38.0
0,16.0
0,79.11111111
0,149.6
0,64.51851852
0,26.666666670000005
0,61.15384615
0,217.0
0,142.0
0,122.99999999999999
0,41.0
0,159.5
0,199.0
0,193.50000000000003
0,9.25
0,35.64285714
0,37.82608696
0,204.99999999999997
0,189.0
0,250.0
0,80.85714285999998
0,108.0
0,21.81818182
0,121.0
0,55.5
0,43.03846154
0,44.0
0,21.0
0,42.93421053
0,36.5
0,60.99999999999999
0,73.9
0,41.50000000000001
0,89.0
0,272.0
0,133.4
0,127.0
0,281.0
0,19.0
0,65.55319149
0,30.666666669999998
0,18.75
0,64.0
0,29.6
0,99.0
0,127.00000000000001
0,185.5
0,121.50000000000001
0,106.25
0,56.0
0,53.5
0,187.99999999999997
0,115.5
0,30.0
0,81.75
0,63.0
0,93.2
0,152.0
0,180.0
0,135.0
0,44.0
0,17.0
0,47.00000000000001
0,57.5
0,24.0
0,15.999999999999998
0,206.0
0,67.33333333
0,87.25
0,65.5
0,208.0
0,157.0
0,115.6666667
0,19.0
383,112.08333329999999
384,208.0
385,210.00000000000003
386,59.75
387,181.0
387,0.0
388,66.25
389,64.5
390,54.5
391,113.00000000000001
392,442.66666670000006
393,144.5
394,174.0
395,152.0
396,54.5
397,45.0
398,29.0
399,96.15789474000002
400,53.5
401,60.99999999999999
402,8.25
403,105.49999999999999
404,165.0
405,108.0
406,37.125
407,126.99999999999999
408,54.5
409,64.0
410,40.0
411,56.900000000000006
412,102.25
413,34.0
414,30.0
415,41.00000000000001
416,36.99999999999999
417,35.99999999999999
418,78.71428570999998
419,100.33333330000002
420,96.0
421,88.99999999999999
422,46.37499999999999
423,31.75
424,9.333333333
425,49.0
426,10.42857143
427,43.0
428,19.42857143
429,24.71428571
430,140.99999999999997
431,139.0
432,72.35714286
433,40.5
434,55.33333333000001
435,71.0
436,39.0
437,53.99999999999999
438,56.33333333000001
439,62.5
440,165.0
441,183.0
442,189.5
443,127.99999999999999
444,73.0
445,307.0
446,71.0
446,0.0
447,61.0
448,57.99999999999999
449,20.0
450,18.0
451,157.75
452,159.00000000000003
453,82.0
454,153.0
455,36.0
455,0.0
456,89.75
457,53.00000000000001
458,48.00000000000001
459,48.0
460,15.33333333
461,26.333333329999995
462,27.0
463,15.66666667
464,56.19354838999999
465,86.12500000000001
466,114.33333329999999
467,132.5555556
468,112.49999999999999
469,101.3
469,0.0
470,4.733333333
471,72.71428571
472,63.59090908999999
473,12.468749999999998
474,133.0
475,6.379310345
476,86.54545455
477,68.89655172
478,76.0
479,74.72727273
480,47.0
481,97.14285714
482,19.0
483,43.25
484,56.25
485,61.64912281
486,56.26086957
487,93.66666667
488,60.00000000000001
489,16.90909091
490,64.69565217000002
491,15.0
492,38.44444444
493,118.25
494,22.999999999999996
495,144.5
496,21.999999999999996
497,38.8
498,60.5
499,108.36363640000002
500,93.125
0,0.0
0,102.0
0,113.0
3,232.5
4,46.08333333
0,91.0
6,69.0
7,210.5
8,89.5
9,21.0
10,21.0
0,21.0
12,19.0
0,27.000000000000004
14,27.0
15,229.2
0,54.5
0,163.0
18,123.09090909999999
0,180.6666667
0,0.0
0,53.0
22,31.230769229999996
23,128.2
0,62.88461538
25,2.0
0,64.875
27,34.0
0,121.5
29,53.0
30,27.66666667
31,39.85714286
0,96.0
0,44.0
34,24.999999999999996
0,379.0
0,126.0
0,0.0
0,50.0
0,107.0
0,43.74825175
40,46.28571429
41,32.0
42,45.33333333
0,77.0
44,109.85714289999999
45,103.6666667
46,38.66666667
0,72.0
48,61.5
49,52.7
0,31.0
51,132.0
52,38.0
53,8.0
0,11.18181818
0,0.0
0,118.4666667
57,22.000000000000004
58,39.0
0,273.33333329999994
60,38.0
0,13.666666669999998
0,214.99999999999997
0,216.0
0,113.0
65,29.0
0,272.0
67,23.0
68,220.0
0,447.99999999999994
0,595.0
0,604.0
0,350.00000000000006
0,27.0
74,19.0
0,16.75
0,41.99999999999999
77,239.99999999999997
0,181.8
0,85.5
80,139.0
0,174.00000000000003
0,348.0
83,34.875
0,40.5
85,84.66666667
0,207.6666667
0,52.16666666999999
88,56.8
89,0.0
0,3.0
91,12.0
0,108.6666667
0,67.71428571
93,0.0
93,0.0
0,0.0
93,0.0
0,0.0
93,0.0
93,0.0
93,0.0
0,0.0
93,0.0
0,0.0
0,0.0
93,0.0
0,0.0
0,0.0
93,0.0
0,0.0
0,0.0
93,0.0
0,0.0
0,0.0
0,0.0
93,0.0
0,0.0
0,0.0
93,0.0
0,0.0
93,0.0
0,0.0
0,0.0
93,0.0
93,0.0
0,0.0
0,0.0
0,0.0
0,0.0
0,0.0
0,0.0
0,0.0
0,0.0
93,0.0
0,0.0
93,0.0
93,0.0
93,0.0
0,0.0
0,0.0
94,0.0
0,0.0
0,0.0
94,0.0
94,0.0
0,0.0
0,0.0
94,0.0
0,0.0
0,0.0
0,0.0
0,0.0
94,0.0
94,0.0
94,0.0
94,0.0
0,0.0
0,0.0
0,0.0
0,0.0
0,0.0
0,0.0
0,0.0
94,0.0
0,0.0
0,0.0
94,0.0
0,0.0
0,0.0
0,0.0
0,0.0
94,0.0
0,0.0
94,0.0
0,0.0
0,0.0
0,0.0
0,0.0
94,0.0
0,0.0
0,0.0
0,0.0
0,0.0
0,0.0
0,0.0
0,0.0
94,0.0
94,0.0
94,0.0
0,0.0
0,0.0
0,0.0
0,0.0
0,0.0
0,0.0
0,0.0
0,0.0
94,0.0
94,0.0
0,0.0
0,0.0
0,0.0
94,0.0
0,0.0
0,0.0
0,0.0
0,0.0
0,0.0
0,0.0
0,0.0
0,0.0
0,0.0
0,0.0
0,0.0
0,0.0
0,0.0
94,0.0
94,0.0
0,0.0
0,0.0
0,0.0
0,0.0
0,0.0
0,0.0
94,0.0
0,0.0
0,0.0
94,0.0
94,0.0
0,0.0
94,0.0
0,0.0
0,0.0
0,0.0
0,0.0
0,0.0
0,37.0
0,0.0
0,0.0
0,0.0
0,0.0
0,0.0
0,0.0
0,0.0
0,0.0
0,0.0
0,0.0
0,0.0
0,0.0
0,0.0
0,0.0
0,0.0
0,0.0
0,0.0
0,0.0
0,0.0
0,0.0
0,0.0
0,0.0
0,0.0
0,148.0
0,0.0
96,0.0
0,0.0
0,0.0
0,0.0
0,0.0
0,0.0
97,0.0
0,0.0
0,0.0
0,0.0
0,0.0
0,0.0
0,0.0
0,0.0
97,0.0
0,0.0
0,0.0
0,0.0
0,0.0
0,0.0
0,0.0
97,0.0
0,0.0
0,0.0
0,0.0
0,0.0
0,0.0
0,0.0
0,0.0
0,0.0
0,0.0
0,0.0
0,0.0
0,0.0
0,0.0
0,0.0
97,0.0
0,0.0
97,0.0
0,0.0
0,0.0
0,0.0
0,0.0
0,0.0
0,0.0
0,0.0
0,0.0
0,0.0
0,0.0
0,0.0
0,0.0
0,0.0
0,0.0
0,0.0
0,0.0
0,0.0
0,0.0
0,0.0
0,0.0
0,198.5
0,0.0
0,0.0
0,0.0
0,0.0
0,0.0
98,0.0
0,0.0
98,0.0
0,0.0
0,0.0
98,0.0
98,0.0
0,0.0
98,0.0
0,0.0
98,0.0
0,0.0
0,0.0
0,0.0
0,0.0
0,0.0
0,0.0
0,0.0
0,0.0
0,0.0
0,0.0
98,0.0
98,0.0
0,0.0
0,0.0
0,0.0
0,0.0
0,0.0
0,0.0
0,0.0
0,0.0
0,0.0
0,0.0
0,0.0
0,0.0
0,0.0
0,0.0
0,0.0
0,0.0
0,0.0
0,0.0
0,0.0
0,0.0
0,0.0
98,0.0
0,0.0
0,0.0
0,0.0
0,0.0
0,0.0
0,0.0
0,0.0
0,0.0
0,0.0
0,0.0
0,0.0
0,0.0
0,0.0
0,0.0
98,0.0
0,0.0
0,0.0
0,0.0
0,0.0
0,0.0
0,0.0
0,0.0
0,0.0
0,0.0
0,0.0
0,0.0
0,0.0
0,0.0
0,0.0
98,0.0
0,0.0
0,0.0
0,0.0
0,0.0
0,0.0
0,0.0
0,0.0
0,0.0
0,0.0
0,0.0
0,0.0
0,0.0
0,0.0
0,0.0
0,0.0
0,0.0
0,0.0
0,0.0
0,0.0
0,0.0
0,0.0
0,0.0
0,0.0
0,0.0
0,0.0
0,0.0
0,0.0
0,0.0
0,0.0
0,0.0
0,0.0
0,0.0
0,0.0
0,0.0
0,0.0
0,0.0
0,0.0
0,0.0
0,0.0
0,0.0
0,0.0
0,0.0
0,0.0
0,0.0
0,0.0
0,0.0
0,0.0
0,0.0
0,384.0
0,0.0
0,0.0
0,0.0
0,0.0
0,0.0
99,0.0
0,0.0
99,0.0
0,0.0
0,0.0
0,0.0
0,0.0
0,0.0
0,0.0
0,0.0
0,0.0
0,0.0
0,0.0
0,0.0
0,0.0
0,0.0
0,0.0
0,0.0
0,0.0
0,0.0
0,0.0
0,0.0
0,0.0
0,0.0
0,0.0
0,0.0
0,6.0
0,0.0
0,0.0
0,0.0
0,0.0
0,0.0
0,0.0
0,0.0
0,0.0
0,0.0
0,0.0
0,0.0
0,0.0
0,0.0
0,0.0
0,0.0
0,803.9999999999999
0,0.0
0,0.0
0,0.0
0,0.0
0,0.0
0,0.0
0,0.0
0,0.0
0,0.0
0,0.0
0,0.0
0,0.0
0,0.0
0,0.0
0,0.0
0,0.0
0,0.0
0,0.0
0,0.0
0,0.0
0,0.0
0,0.0
0,38.33333333
102,0.0
0,0.0
0,0.0
0,0.0
0,0.0
0,0.0
0,0.0
0,0.0
0,0.0
0,0.0
0,0.0
0,0.0
0,0.0
102,0.0
0,0.0
102,0.0
0,0.0
0,0.0
0,0.0
0,0.0
102,0.0
0,0.0
0,0.0
0,0.0
0,0.0
0,0.0
0,0.0
0,0.0
0,0.0
0,0.0
0,0.0
0,0.0
102,0.0
0,0.0
0,0.0
0,0.0
0,0.0
0,0.0
0,0.0
0,0.0
102,0.0
0,0.0
0,0.0
0,0.0
0,0.0
0,0.0
0,0.0
0,0.0
0,0.0
0,0.0
0,0.0
0,0.0
0,0.0
0,0.0
0,0.0
0,0.0
0,0.0
0,0.0
0,0.0
102,0.0
0,0.0
0,0.0
0,0.0
0,0.0
0,0.0
0,0.0
0,0.0
0,0.0
0,0.0
0,0.0
0,92.0
0,0.0
0,34.66666667
0,44.0
0,66.00000000000001
0,169.5
0,53.0
0,147.0
0,116.5
0,29.999999999999996
0,260.5
0,177.5714286
0,285.8571429
0,115.0
116,123.25
0,142.99999999999997
0,283.0
0,357.0
0,201.16666669999998
0,120.0
0,110.5
0,117.7142857
0,231.0
0,135.0
0,119.2
0,154.0
0,214.00000000000003
0,602.0
0,325.0
0,649.0
0,354.0
0,25.5
0,19.09090909
0,51.0
0,56.93023256
0,115.83333329999999
0,99.01265823
0,31.72
0,109.5066667
0,82.875
142,181.5
0,33.0
0,115.4482759
0,34.0
0,17.66666667
0,101.09302329999998
0,7.499999999999999
0,32.9
0,122.0
0,37.888888890000004
0,38.4
0,70.14285714
0,71.69230769
0,264.0
0,259.0
0,104.5
0,11.0
0,103.50000000000001
160,66.88888889
0,48.93333333
0,49.0
0,76.72727273
0,93.83333333
0,198.0
0,99.78465347
0,129.4361702
0,75.6
0,47.15384615
0,35.33333333
0,38.22222221999999
0,91.59999999999998
0,146.5
0,18.666666669999998
0,91.21428571
0,33.5
0,45.33333333
0,130.7916667
0,106.2
0,107.4
0,181.99999999999997
0,141.6
0,52.0
0,49.75
0,65.66666667
186,57.2
0,156.4
0,116.99999999999999
0,57.66666666999999
0,43.64179104
0,56.00000000000001
0,275.0
0,46.0
0,26.25
0,32.16666667
196,61.800000000000004
0,105.0833333
0,108.49999999999999
0,70.03846154
0,139.75
0,54.66666666999999
0,78.625
0,143.0
0,36.90909091
0,45.33333333
0,104.30921049999999
0,29.5
0,50.75
0,29.625
210,117.0
0,77.1
0,80.5
0,26.499999999999996
0,67.62463343
0,18.0
0,38.85714286
0,20.0
0,45.0
0,31.0
0,48.00000000000001
0,24.666666669999998
0,13.5
0,82.625
0,189.0
0,44.66666667
0,27.0
0,27.000000000000004
0,13.0
0,37.5
0,113.80000000000001
0,37.666666670000005
0,33.88888889
0,38.0
0,16.0
0,698.5
0,96.63636364
0,129.6666667
0,142.0
0,63.00000000000001
0,76.5
0,103.19999999999999
0,100.55555559999999
0,124.0
0,72.25000000000001
0,349.1666667
0,62.84090909
0,5.0
0,104.0
0,23.000000000000004
0,10.0
0,34.625
0,33.0
0,1002.9999999999999
0,78.0
0,69.4
0,20.5
0,42.4
0,65.0
0,25.399999999999995
0,19.0
0,144.3333333
0,45.4516129
0,135.18181820000004
0,25.888888889999997
0,26.0
0,29.636363639999995
0,211.8
0,28.0
0,33.0
0,130.7
0,20.0
0,37.53846154
0,55.33333333
0,46.4
0,82.00414938
0,46.0
0,176.2
0,141.9642857
0,322.0
0,365.0
0,367.00000000000006
0,197.8333333
0,97.99999999999999
0,15.0
0,80.33333333
0,122.0
0,119.00000000000001
0,111.8
0,6.666666667
0,42.75
0,157.0
0,61.0
0,69.0
0,82.66666666999998
0,145.6666667
0,178.4285714
0,188.6666667
0,61.20000000000001
0,68.16666667
0,80.0
0,92.5
0,53.33333333
0,28.25
0,59.00000000000001
0,110.625
0,23.44117647
0,151.7777778
0,54.0
0,33.333333329999995
0,81.0
0,38.0
0,16.0
0,79.11111111
0,149.6
0,64.51851852
0,26.66666667
0,61.15384615000001
0,217.0
0,142.00000000000003
0,123.0
0,41.00000000000001
0,159.5
0,199.0
0,193.5
0,9.25
0,35.64285714
0,37.82608696
0,205.0
0,189.00000000000003
0,250.0
0,80.85714286
0,108.0
0,21.818181819999996
0,120.99999999999999
0,55.50000000000001
0,43.03846153999999
0,44.00000000000001
0,21.0
0,42.93421053
0,36.5
0,61.0
0,0.0
0,41.5
0,89.0
0,272.0
0,133.4
0,127.0
0,281.00000000000006
0,19.0
0,65.55319149
0,30.66666667
0,18.75
0,64.0
0,29.6
0,99.00000000000001
0,127.00000000000001
0,185.5
0,121.49999999999999
0,106.24999999999999
0,56.0
0,53.5
0,188.0
0,115.5
0,30.0
0,81.75
0,63.00000000000001
0,93.2
0,152.0
0,180.00000000000003
0,135.0
0,44.0
0,17.0
0,47.0
0,57.5
0,23.999999999999996
0,16.0
0,206.0
0,67.33333333
0,87.25
0,65.5
0,208.0
0,156.99999999999997
0,115.6666667
0,19.0
384,112.0833333
385,207.99999999999997
386,210.00000000000003
387,59.75
388,181.0
388,0.0
389,66.25
390,64.5
391,54.50000000000001
392,113.0
393,442.66666669999995
394,144.5
395,174.0
396,152.0
397,54.5
398,44.99999999999999
399,29.0
400,96.15789474
401,53.49999999999999
402,61.0
403,8.25
404,105.5
405,165.0
406,108.0
407,37.125
408,127.0
409,54.5
410,64.0
411,40.0
412,56.900000000000006
413,102.25
414,34.0
415,30.0
416,41.0
417,37.0
418,36.0
419,78.71428571
420,100.3333333
421,95.99999999999999
422,89.0
423,46.375
424,31.75
425,9.333333333
426,49.0
427,10.42857143
428,43.0
429,19.42857143
430,24.71428571
431,141.0
432,139.0
433,72.35714285999998
434,40.5
435,55.33333333
436,71.0
437,39.0
438,54.0
439,56.33333333
440,62.50000000000001
441,165.0
442,183.0
443,189.5
444,128.0
445,73.0
446,307.0
447,71.0
448,25.0
449,61.0
450,58.0
451,20.0
452,18.0
453,157.75
454,159.0
455,82.0
456,153.0
457,36.0
458,85.5
459,89.75
460,52.99999999999999
461,48.00000000000001
462,48.0
463,15.33333333
464,26.33333333
465,27.0
466,15.666666670000001
467,56.193548390000004
468,86.125
469,114.3333333
470,132.5555556
471,112.5
472,101.3
472,0.0
473,4.733333333
474,72.71428571
475,63.59090909
476,12.46875
477,133.00000000000003
478,6.379310345
479,86.54545455
480,68.89655172
481,76.0
482,74.72727273
483,47.00000000000001
484,97.14285714
485,19.0
486,43.25000000000001
487,56.25
488,61.64912281
489,56.26086957
490,93.66666667
491,60.0
492,16.90909091
493,64.69565216999999
494,15.000000000000002
495,38.44444444
496,118.24999999999999
497,23.0
498,144.5
499,21.999999999999996
500,38.800000000000004
501,60.5
502,108.3636364
503,93.12500000000001
0,0.0
0,102.0
0,113.0
3,232.5
4,46.08333333
0,91.0
6,69.0
7,210.5
8,89.5
9,21.0
10,21.0
0,21.0
12,19.0
0,27.000000000000004
14,27.0
15,229.2
0,54.5
0,163.0
18,123.09090909999999
0,180.6666667
0,0.0
0,53.0
22,31.230769229999996
23,128.2
0,62.88461538
25,2.0
0,64.875
27,34.0
0,121.5
29,53.0
30,27.66666667
31,39.85714286
0,96.0
0,44.0
34,24.999999999999996
0,379.0
0,126.0
0,0.0
0,50.0
0,107.0
0,43.74825175
40,46.28571429
41,32.0
42,45.33333333
0,77.0
44,109.85714289999999
45,103.6666667
46,38.66666667
0,72.0
48,61.5
49,52.7
0,31.0
51,132.0
52,38.0
53,8.0
0,11.18181818
0,0.0
0,118.4666667
57,22.000000000000004
58,39.0
0,273.33333329999994
60,38.0
0,13.666666669999998
0,214.99999999999997
0,216.0
0,113.0
65,29.0
0,272.0
67,23.0
68,220.0
0,447.99999999999994
0,595.0
0,604.0
0,350.00000000000006
0,27.0
74,19.0
0,16.75
0,41.99999999999999
77,239.99999999999997
0,181.8
0,85.5
80,139.0
0,174.00000000000003
0,348.0
83,34.875
0,40.5
85,84.66666667
0,207.6666667
0,52.16666666999999
88,56.8
89,0.0
0,3.0
91,12.0
0,108.6666667
0,67.71428571
93,0.0
93,0.0
0,0.0
93,0.0
0,0.0
93,0.0
93,0.0
93,0.0
0,0.0
93,0.0
0,0.0
0,0.0
93,0.0
0,0.0
0,0.0
93,0.0
0,0.0
0,0.0
93,0.0
0,0.0
0,0.0
0,0.0
93,0.0
0,0.0
0,0.0
93,0.0
0,0.0
93,0.0
0,0.0
0,0.0
93,0.0
93,0.0
0,0.0
0,18.75
0,0.0
0,0.0
0,0.0
0,0.0
0,0.0
0,0.0
94,0.0
0,0.0
94,0.0
94,0.0
94,0.0
0,0.0
0,0.0
95,0.0
0,0.0
0,0.0
95,0.0
95,0.0
0,0.0
0,0.0
95,0.0
0,0.0
0,0.0
0,0.0
0,0.0
95,0.0
95,0.0
95,0.0
95,0.0
0,0.0
0,0.0
0,0.0
0,0.0
0,0.0
0,0.0
0,0.0
95,0.0
0,0.0
0,0.0
95,0.0
0,0.0
0,0.0
0,0.0
0,0.0
95,0.0
0,0.0
95,0.0
0,0.0
0,0.0
0,0.0
0,0.0
95,0.0
0,0.0
0,0.0
0,0.0
0,0.0
0,0.0
0,0.0
0,0.0
95,0.0
95,0.0
95,0.0
0,0.0
0,0.0
0,0.0
0,0.0
0,0.0
0,0.0
0,0.0
0,0.0
95,0.0
95,0.0
0,0.0
0,0.0
0,0.0
95,0.0
0,0.0
0,0.0
0,0.0
0,0.0
0,0.0
0,0.0
0,0.0
0,0.0
0,0.0
0,0.0
0,0.0
0,0.0
0,0.0
95,0.0
95,0.0
0,0.0
0,0.0
0,0.0
0,0.0
0,0.0
0,0.0
95,0.0
0,0.0
0,0.0
95,0.0
95,0.0
0,0.0
95,0.0
0,0.0
0,0.0
0,0.0
0,0.0
0,0.0
0,0.0
0,0.0
0,0.0
0,0.0
0,0.0
0,0.0
0,0.0
0,0.0
0,0.0
0,0.0
0,0.0
0,0.0
0,0.0
0,0.0
0,0.0
0,0.0
0,0.0
0,0.0
0,0.0
0,0.0
0,0.0
0,0.0
0,0.0
0,0.0
0,148.0
0,0.0
96,0.0
0,0.0
0,0.0
0,0.0
0,0.0
0,0.0
97,0.0
0,0.0
0,0.0
0,0.0
0,0.0
0,0.0
0,0.0
0,0.0
97,0.0
0,0.0
0,0.0
0,0.0
0,0.0
0,0.0
0,0.0
97,0.0
0,0.0
0,0.0
0,0.0
0,0.0
0,0.0
0,0.0
0,0.0
0,0.0
0,0.0
0,0.0
0,0.0
0,0.0
0,0.0
0,0.0
97,0.0
0,0.0
97,0.0
0,0.0
0,0.0
0,0.0
0,0.0
0,0.0
0,0.0
0,0.0
0,0.0
0,0.0
0,0.0
0,0.0
0,0.0
0,0.0
0,0.0
0,0.0
0,0.0
0,0.0
0,0.0
0,0.0
0,0.0
0,198.5
0,0.0
0,0.0
0,0.0
0,0.0
0,0.0
98,0.0
0,0.0
98,0.0
0,0.0
0,0.0
98,0.0
98,0.0
0,0.0
98,0.0
0,0.0
98,0.0
0,0.0
0,0.0
0,0.0
0,0.0
0,0.0
0,0.0
0,0.0
0,0.0
0,0.0
0,0.0
98,0.0
98,0.0
0,0.0
0,0.0
0,0.0
0,0.0
0,0.0
0,0.0
0,0.0
0,0.0
0,0.0
0,0.0
0,0.0
0,0.0
0,0.0
0,0.0
0,0.0
0,0.0
0,0.0
0,0.0
0,0.0
0,0.0
0,0.0
98,0.0
0,0.0
0,0.0
0,0.0
0,0.0
0,0.0
0,0.0
0,0.0
0,0.0
0,0.0
0,0.0
0,0.0
0,0.0
0,0.0
0,0.0
98,0.0
0,0.0
0,0.0
0,0.0
0,0.0
0,0.0
0,0.0
0,0.0
0,6.0
0,0.0
0,0.0
0,0.0
0,0.0
0,0.0
0,0.0
99,0.0
0,0.0
0,0.0
0,0.0
0,0.0
0,0.0
0,0.0
0,0.0
0,0.0
0,0.0
0,0.0
0,0.0
0,0.0
0,0.0
0,0.0
0,0.0
0,0.0
0,0.0
0,0.0
0,0.0
0,0.0
0,0.0
0,0.0
0,0.0
0,0.0
0,0.0
0,0.0
0,0.0
0,0.0
0,0.0
0,0.0
0,0.0
0,0.0
0,0.0
0,0.0
0,0.0
0,0.0
0,0.0
0,0.0
0,0.0
0,0.0
0,0.0
0,0.0
0,0.0
0,0.0
0,0.0
0,0.0
0,0.0
0,0.0
0,384.0
0,0.0
0,0.0
0,0.0
0,0.0
0,0.0
100,0.0
0,0.0
100,0.0
0,0.0
0,0.0
0,0.0
0,0.0
0,0.0
0,0.0
0,0.0
0,0.0
0,0.0
0,0.0
0,0.0
0,0.0
0,0.0
0,0.0
0,0.0
0,0.0
0,0.0
0,0.0
0,0.0
0,0.0
0,0.0
0,0.0
0,0.0
0,0.0
0,0.0
0,0.0
0,0.0
0,0.0
0,0.0
0,0.0
0,0.0
0,0.0
0,0.0
0,0.0
0,0.0
0,0.0
0,0.0
0,0.0
0,0.0
0,803.9999999999999
0,0.0
0,0.0
0,0.0
0,0.0
0,0.0
0,0.0
0,0.0
0,0.0
0,0.0
0,0.0
0,0.0
0,0.0
0,0.0
0,0.0
0,0.0
0,0.0
0,0.0
0,0.0
0,0.0
0,0.0
0,0.0
0,0.0
0,38.33333333
102,0.0
0,0.0
0,0.0
0,0.0
0,0.0
0,0.0
0,0.0
0,0.0
0,0.0
0,0.0
0,0.0
0,0.0
0,0.0
102,0.0
0,0.0
102,0.0
0,0.0
0,0.0
0,0.0
0,0.0
102,0.0
0,0.0
0,0.0
0,0.0
0,0.0
0,0.0
0,0.0
0,0.0
0,0.0
0,0.0
0,0.0
0,0.0
102,0.0
0,0.0
0,0.0
0,0.0
0,0.0
0,0.0
0,0.0
0,0.0
102,0.0
0,0.0
0,0.0
0,0.0
0,0.0
0,0.0
0,0.0
0,0.0
0,0.0
0,0.0
0,0.0
0,0.0
0,0.0
0,0.0
0,0.0
0,0.0
0,0.0
0,0.0
0,0.0
102,0.0
0,0.0
0,0.0
0,0.0
0,0.0
0,0.0
0,0.0
0,0.0
0,0.0
0,0.0
0,0.0
0,92.0
0,0.0
0,34.66666667
0,44.0
0,66.00000000000001
0,169.5
0,53.0
0,147.0
0,116.5
0,29.999999999999996
0,260.5
0,177.5714286
0,285.8571429
0,115.0
116,123.25
0,142.99999999999997
0,283.0
0,357.0
0,201.16666669999998
0,120.0
0,110.5
0,117.7142857
0,231.0
0,135.0
0,119.2
0,154.0
0,214.00000000000003
0,602.0
0,325.0
0,649.0
0,354.0
0,25.5
0,19.09090909
0,51.0
0,56.93023256
0,115.83333329999999
0,99.01265823
0,31.72
0,109.5066667
0,82.875
142,181.5
0,33.0
0,115.4482759
0,34.0
0,17.66666667
0,101.09302329999998
0,7.499999999999999
0,32.9
0,122.0
0,37.888888890000004
0,38.4
0,70.14285714
0,71.69230769
0,264.0
0,259.0
0,104.5
0,11.0
0,103.50000000000001
160,66.88888889
0,48.93333333
0,49.0
0,76.72727273
0,93.83333333
0,198.0
0,99.78465347
0,129.4361702
0,75.6
0,47.15384615
0,35.33333333
0,38.22222221999999
0,91.59999999999998
0,146.5
0,18.666666669999998
0,91.21428571
0,33.5
0,45.33333333
0,130.7916667
0,106.2
0,107.4
0,181.99999999999997
0,141.6
0,52.0
0,49.75
0,65.66666667
186,57.2
0,156.4
0,116.99999999999999
0,57.66666666999999
0,43.64179104
0,56.00000000000001
0,275.0
0,46.0
0,26.25
0,32.16666667
196,61.800000000000004
0,105.0833333
0,108.49999999999999
0,70.03846154
0,139.75
0,54.66666666999999
0,78.625
0,143.0
0,36.90909091
0,45.33333333
0,104.30921049999999
0,29.5
0,50.75
0,29.625
210,117.0
0,77.1
0,80.5
0,26.499999999999996
0,67.62463343
0,18.0
0,38.85714286
0,20.0
0,45.0
0,31.0
0,48.00000000000001
0,24.666666669999998
0,13.5
0,82.625
0,189.0
0,44.66666667
0,27.0
0,27.000000000000004
0,13.0
0,37.5
0,113.80000000000001
0,37.666666670000005
0,33.88888889
0,38.0
0,16.0
0,698.5
0,96.63636364
0,129.6666667
0,142.0
0,63.00000000000001
0,76.5
0,103.19999999999999
0,100.55555559999999
0,124.0
0,72.25000000000001
0,349.1666667
0,62.84090909
0,5.0
0,104.0
0,23.000000000000004
0,10.0
0,34.625
0,33.0
0,1002.9999999999999
0,78.0
0,69.4
0,20.5
0,42.4
0,65.0
0,25.399999999999995
0,19.0
0,144.3333333
0,45.4516129
0,135.18181820000004
0,25.888888889999997
0,26.0
0,29.636363639999995
0,211.8
0,28.0
0,33.0
0,130.7
0,20.0
0,37.53846154
0,55.33333333
0,46.4
0,82.00414938
0,46.0
0,176.2
0,141.9642857
0,322.0
0,365.0
0,367.00000000000006
0,197.8333333
0,97.99999999999999
0,15.0
0,80.33333333
0,122.0
0,119.00000000000001
0,111.8
0,6.666666667
0,42.75
0,157.0
0,61.0
0,69.0
0,82.66666666999998
0,145.6666667
0,178.4285714
0,188.6666667
0,61.20000000000001
0,68.16666667
0,80.0
0,92.5
0,53.33333333
0,28.25
0,59.00000000000001
0,0.0
0,23.44117647
0,151.77777780000002
0,54.0
0,33.33333333
0,81.0
0,38.0
0,16.0
0,79.11111111000001
0,149.6
0,64.51851852000001
0,26.66666667
0,61.15384615000001
0,217.0
0,142.0
0,123.0
0,41.00000000000001
0,159.5
0,199.0
0,193.5
0,9.25
0,35.64285714
0,37.826086960000005
0,204.99999999999997
0,189.00000000000003
0,249.99999999999997
0,80.85714286000001
0,108.0
0,21.81818182
0,121.00000000000001
0,55.5
0,43.03846153999999
0,44.0
0,21.0
0,42.934210529999994
0,36.5
0,61.0
0,73.9
0,41.5
0,89.0
0,272.0
0,133.4
0,127.0
0,281.00000000000006
0,19.0
0,65.55319149
0,30.66666667
0,18.75
0,64.0
0,29.6
0,99.00000000000001
0,127.00000000000001
0,185.5
0,121.49999999999999
0,106.24999999999999
0,56.0
0,53.5
0,188.0
0,115.5
0,30.0
0,81.75
0,63.00000000000001
0,93.2
0,152.0
0,180.00000000000003
0,135.0
0,44.0
0,17.0
0,47.0
0,57.5
0,23.999999999999996
0,16.0
0,206.0
0,67.33333333
0,87.25
0,65.5
0,208.0
0,156.99999999999997
0,115.6666667
0,19.0
384,112.0833333
385,207.99999999999997
386,210.00000000000003
387,59.75
388,181.0
388,0.0
389,66.25
390,64.5
391,54.50000000000001
392,113.0
393,442.66666669999995
394,144.5
395,174.0
396,152.0
397,54.5
398,44.99999999999999
399,29.0
400,96.15789474
401,53.49999999999999
402,61.0
403,8.25
404,105.5
405,165.0
406,108.0
407,37.125
408,127.0
409,54.5
410,64.0
411,40.0
412,56.900000000000006
413,102.25
414,34.0
415,30.0
416,41.0
417,37.0
418,36.0
419,78.71428571
420,100.3333333
421,95.99999999999999
422,89.0
423,46.375
424,31.75
425,9.333333333
426,49.0
427,10.42857143
428,43.0
429,19.42857143
430,24.71428571
431,141.0
432,139.0
433,72.35714285999998
434,40.5
435,55.33333333
436,71.0
437,39.0
438,54.0
439,56.33333333
440,62.50000000000001
441,165.0
442,183.0
443,189.5
444,128.0
445,73.0
446,307.0
447,71.0
448,25.0
449,61.0
450,58.0
451,20.0
452,18.0
453,157.75
454,159.0
455,82.0
456,153.0
457,36.0
458,85.5
459,89.75
460,52.99999999999999
461,48.00000000000001
462,48.0
463,15.33333333
464,26.33333333
465,27.0
466,15.666666670000001
467,56.193548390000004
468,86.125
469,114.3333333
470,132.5555556
471,112.5
472,101.3
472,0.0
473,4.733333333
474,72.71428571
475,63.59090909
476,12.46875
477,133.00000000000003
478,6.379310345
479,86.54545455
480,68.89655172
481,76.0
482,74.72727273
483,47.00000000000001
484,97.14285714
485,19.0
486,43.25000000000001
487,56.25
488,61.64912281
489,56.26086957
490,93.66666667
491,60.0
492,16.90909091
493,64.69565216999999
494,15.000000000000002
495,38.44444444
496,118.24999999999999
497,23.0
498,144.5
499,21.999999999999996
500,38.800000000000004
501,60.5
502,108.3636364
503,93.12500000000001
0,0.0
0,102.0
0,113.0
3,232.5
4,46.08333333
0,91.0
6,69.0
7,210.5
8,89.5
9,21.0
10,21.0
0,21.0
12,19.0
0,27.000000000000004
13,0.0
14,229.2
0,54.5
0,163.0
17,123.0909091
0,180.66666669999998
0,0.0
0,53.0
21,31.23076923
22,128.2
0,62.88461538
24,2.0
0,64.875
26,34.0
0,121.5
28,53.0
29,27.666666670000005
30,39.85714286
0,96.0
0,44.0
33,25.0
0,379.0
0,125.99999999999999
0,0.0
0,50.0
0,107.00000000000001
0,43.74825175
39,46.28571429
40,32.0
41,45.33333333
0,77.0
43,109.8571429
44,103.6666667
45,38.66666667
0,72.0
47,61.49999999999999
48,52.7
0,31.0
50,132.0
51,38.0
52,8.0
0,11.18181818
0,0.0
0,118.46666670000002
56,22.0
57,39.0
0,273.3333333
59,38.0
0,13.66666667
0,215.0
0,216.0
0,113.0
64,29.0
0,272.0
66,23.0
67,219.99999999999997
0,448.00000000000006
0,595.0
0,604.0
0,350.00000000000006
0,27.0
73,19.0
0,16.75
0,41.99999999999999
76,240.0
0,181.8
0,85.50000000000001
79,139.0
0,0.0
0,348.0
81,34.875
0,40.5
83,84.66666667
0,207.66666670000004
0,52.16666667
86,56.800000000000004
87,0.0
0,3.0000000000000004
89,12.0
0,108.6666667
0,67.71428571
91,0.0
91,0.0
0,0.0
91,0.0
0,0.0
91,0.0
91,0.0
91,0.0
0,0.0
91,0.0
0,0.0
0,0.0
91,0.0
0,0.0
0,0.0
91,0.0
0,0.0
0,0.0
91,0.0
0,0.0
0,0.0
0,0.0
91,0.0
0,0.0
0,0.0
91,0.0
0,0.0
91,0.0
0,0.0
0,0.0
91,0.0
91,0.0
0,0.0
0,0.0
0,0.0
0,0.0
0,0.0
0,0.0
0,0.0
0,0.0
91,0.0
0,0.0
91,0.0
91,0.0
91,0.0
0,0.0
0,0.0
92,0.0
0,0.0
0,0.0
92,0.0
92,0.0
0,0.0
0,0.0
92,0.0
0,0.0
0,0.0
0,0.0
0,0.0
92,0.0
92,0.0
92,0.0
92,0.0
0,0.0
0,0.0
0,0.0
0,0.0
0,0.0
0,0.0
0,0.0
92,0.0
0,0.0
0,0.0
92,0.0
0,0.0
0,0.0
0,0.0
0,0.0
92,0.0
0,0.0
92,0.0
0,0.0
0,0.0
0,0.0
0,0.0
92,0.0
0,0.0
0,0.0
0,0.0
0,0.0
0,0.0
0,0.0
0,0.0
92,0.0
92,0.0
92,0.0
0,0.0
0,0.0
0,0.0
0,0.0
0,0.0
0,0.0
0,0.0
0,0.0
92,0.0
92,0.0
0,0.0
0,0.0
0,0.0
92,0.0
0,0.0
0,0.0
0,0.0
0,0.0
0,0.0
0,0.0
0,0.0
0,0.0
0,0.0
0,0.0
0,0.0
0,0.0
0,0.0
92,0.0
92,0.0
0,0.0
0,0.0
0,0.0
0,0.0
0,0.0
0,0.0
92,0.0
0,0.0
0,0.0
92,0.0
92,0.0
0,0.0
92,0.0
0,0.0
0,0.0
0,0.0
0,0.0
0,0.0
0,0.0
0,0.0
0,0.0
0,0.0
0,0.0
0,0.0
0,0.0
0,0.0
0,0.0
0,0.0
0,0.0
0,0.0
0,0.0
0,0.0
0,0.0
0,0.0
0,0.0
0,0.0
0,0.0
0,0.0
0,0.0
0,0.0
0,0.0
0,0.0
0,148.0
0,0.0
93,0.0
0,0.0
0,0.0
0,0.0
0,0.0
0,0.0
94,0.0
0,0.0
0,0.0
0,0.0
0,0.0
0,0.0
0,0.0
0,0.0
94,0.0
0,0.0
0,0.0
0,0.0
0,0.0
0,0.0
0,0.0
94,0.0
0,0.0
0,0.0
0,0.0
0,0.0
0,0.0
0,0.0
0,0.0
0,0.0
0,0.0
0,0.0
0,0.0
0,0.0
0,0.0
0,0.0
94,0.0
0,0.0
94,0.0
0,0.0
0,0.0
0,0.0
0,0.0
0,0.0
0,0.0
0,0.0
0,0.0
0,0.0
0,0.0
0,0.0
0,0.0
0,0.0
0,0.0
0,0.0
0,0.0
0,0.0
0,0.0
0,0.0
0,0.0
0,198.5
0,0.0
0,0.0
0,0.0
0,0.0
0,0.0
95,0.0
0,0.0
95,0.0
0,0.0
0,0.0
95,0.0
95,0.0
0,0.0
95,0.0
0,0.0
95,0.0
0,0.0
0,0.0
0,0.0
0,0.0
0,0.0
0,0.0
0,0.0
0,0.0
0,0.0
0,0.0
95,0.0
95,0.0
0,0.0
0,0.0
0,0.0
0,0.0
0,0.0
0,0.0
0,144.0
0,0.0
0,0.0
0,0.0
0,0.0
0,0.0
0,0.0
0,0.0
0,0.0
0,0.0
0,0.0
0,0.0
0,0.0
0,0.0
0,0.0
96,0.0
0,0.0
0,0.0
0,0.0
0,0.0
0,0.0
0,0.0
0,0.0
0,0.0
0,0.0
0,0.0
0,0.0
0,0.0
0,0.0
0,0.0
96,0.0
0,0.0
0,0.0
0,0.0
0,0.0
0,0.0
0,0.0
0,0.0
0,0.0
0,0.0
0,0.0
0,0.0
0,0.0
0,0.0
0,0.0
96,0.0
0,0.0
0,0.0
0,0.0
0,0.0
0,0.0
0,0.0
0,0.0
0,0.0
0,0.0
0,0.0
0,0.0
0,0.0
0,0.0
0,0.0
0,0.0
0,0.0
0,0.0
0,0.0
0,0.0
0,0.0
0,0.0
0,0.0
0,0.0
0,0.0
0,0.0
0,0.0
0,0.0
0,0.0
0,0.0
0,0.0
0,0.0
0,0.0
0,0.0
0,0.0
0,0.0
0,0.0
0,0.0
0,0.0
0,0.0
0,0.0
0,0.0
0,0.0
0,0.0
0,0.0
0,0.0
0,0.0
0,0.0
0,0.0
0,383.99999999999994
0,0.0
0,0.0
0,0.0
0,0.0
0,0.0
97,0.0
0,0.0
97,0.0
0,0.0
0,45.00000000000001
0,0.0
0,0.0
0,0.0
0,0.0
0,0.0
0,0.0
0,0.0
0,0.0
0,0.0
0,0.0
0,0.0
0,0.0
0,0.0
0,0.0
0,0.0
0,0.0
0,0.0
0,0.0
0,0.0
0,0.0
0,0.0
0,0.0
0,0.0
0,0.0
0,0.0
0,0.0
0,0.0
0,0.0
0,0.0
0,0.0
0,0.0
0,0.0
0,0.0
0,0.0
0,0.0
0,0.0
0,0.0
0,804.0
0,0.0
0,0.0
0,0.0
0,0.0
0,0.0
0,0.0
0,0.0
0,0.0
0,0.0
0,0.0
0,0.0
0,0.0
0,0.0
0,0.0
0,0.0
0,0.0
0,0.0
0,0.0
0,0.0
0,0.0
0,0.0
0,0.0
0,38.33333333
100,0.0
0,0.0
0,0.0
0,0.0
0,0.0
0,0.0
0,0.0
0,0.0
0,0.0
0,0.0
0,0.0
0,0.0
0,0.0
100,0.0
0,0.0
100,0.0
0,0.0
0,0.0
0,0.0
0,0.0
100,0.0
0,0.0
0,0.0
0,0.0
0,0.0
0,0.0
0,0.0
0,0.0
0,0.0
0,0.0
0,0.0
0,0.0
100,0.0
0,0.0
0,0.0
0,0.0
0,0.0
0,0.0
0,0.0
0,0.0
100,0.0
0,0.0
0,0.0
0,0.0
0,0.0
0,0.0
0,0.0
0,0.0
0,0.0
0,0.0
0,0.0
0,0.0
0,0.0
0,0.0
0,0.0
0,0.0
0,0.0
0,0.0
0,0.0
100,0.0
0,0.0
0,0.0
0,0.0
0,0.0
0,0.0
0,0.0
0,0.0
0,0.0
0,0.0
0,0.0
0,92.0
0,0.0
0,34.66666667
0,44.0
0,66.00000000000001
0,169.5
0,53.0
0,147.0
0,116.5
0,30.0
0,260.5
0,177.57142860000002
0,285.8571429
0,115.0
114,123.25000000000001
0,143.00000000000003
0,283.0
0,357.0
0,201.1666667
0,120.0
0,110.5
0,117.7142857
0,231.0
0,135.0
0,119.2
0,154.0
0,214.00000000000003
0,602.0000000000001
0,325.0
0,649.0
0,354.0
0,25.5
0,19.09090909
0,51.0
0,56.93023256
0,115.83333330000002
0,99.01265823
0,31.72
0,109.5066667
0,82.875
140,181.5
0,33.0
0,115.4482759
0,34.0
0,17.66666667
0,101.0930233
0,7.500000000000001
0,32.9
0,122.0
0,37.88888889
0,38.4
0,70.14285714
0,71.69230769
0,264.0
0,259.0
0,104.5
0,11.0
0,103.5
158,66.88888889
0,48.93333333
0,48.99999999999999
0,76.72727273
0,0.0
0,197.99999999999997
0,99.78465346999998
0,129.4361702
0,75.6
0,47.15384615
0,35.33333333
0,38.22222221999999
0,91.6
0,146.5
0,18.66666667
0,91.21428571
0,33.5
0,45.33333333
0,130.7916667
0,106.2
0,107.39999999999999
0,182.0
0,141.6
0,51.99999999999999
0,49.75
0,65.66666667
183,57.20000000000001
0,156.4
0,117.0
0,57.66666667
0,43.64179104000001
0,56.0
0,275.0
0,46.00000000000001
0,26.25
0,32.16666667
193,61.8
0,105.0833333
0,108.5
0,70.03846154
0,139.75000000000003
0,54.66666667
0,78.625
0,143.00000000000003
0,0.0
0,45.33333333
0,104.30921050000002
0,29.499999999999996
0,50.74999999999999
0,29.624999999999996
206,117.0
0,77.1
0,80.5
0,26.5
0,67.62463343
0,18.0
0,38.85714286
0,20.0
0,45.0
0,31.000000000000004
0,48.0
0,24.66666667
0,13.5
0,82.625
0,189.0
0,44.66666667
0,27.0
0,27.0
0,13.0
0,37.5
0,113.80000000000001
0,37.666666670000005
0,0.0
0,38.0
0,16.0
0,698.5
0,96.63636363999998
0,129.6666667
0,142.0
0,63.0
0,76.5
0,103.2
0,100.5555556
0,123.99999999999999
0,72.25
0,349.1666667
0,62.840909090000004
0,5.0
0,104.0
0,23.000000000000004
0,10.0
0,34.625
0,33.0
0,1002.9999999999999
0,77.99999999999999
0,69.4
0,20.5
0,42.4
0,65.0
0,25.400000000000002
0,19.0
0,144.3333333
0,45.4516129
0,135.1818182
0,25.88888889
0,26.0
0,29.63636364
0,211.79999999999998
0,28.000000000000004
0,33.0
0,130.70000000000002
0,20.0
0,37.53846154
0,55.33333333
0,46.4
0,82.00414938
0,46.0
0,176.2
0,141.9642857
0,322.0
0,364.99999999999994
0,367.0
0,197.8333333
0,98.00000000000001
0,14.999999999999998
0,80.33333333
0,122.00000000000001
0,119.0
0,111.79999999999998
0,6.666666667
0,42.75
0,157.0
0,61.0
0,69.0
0,82.66666667
0,145.6666667
0,178.4285714
0,188.6666667
0,61.2
0,68.16666667
0,80.0
0,0.0
0,53.33333333
0,28.250000000000004
0,59.0
0,110.625
0,23.44117647
0,151.7777778
0,54.0
0,33.33333333
0,81.0
0,38.0
0,16.0
0,79.11111111
0,149.6
0,64.51851852
0,26.66666667
0,61.15384615000001
0,217.0
0,142.0
0,123.00000000000001
0,41.0
0,159.5
0,199.0
0,193.5
0,9.25
0,35.64285714
0,37.82608696
0,204.99999999999997
0,189.0
0,250.0
0,80.85714286
0,107.99999999999999
0,21.81818182
0,121.0
0,55.5
0,43.03846154
0,44.0
0,21.0
0,42.93421053
0,36.50000000000001
0,61.0
0,73.9
0,41.5
0,89.0
0,272.0
0,133.4
0,127.0
0,281.0
0,19.0
0,65.55319149
0,30.66666667
0,18.75
0,63.99999999999999
0,29.599999999999998
0,99.0
0,127.00000000000001
0,185.50000000000003
0,121.5
0,106.25
0,56.00000000000001
0,53.50000000000001
0,187.99999999999997
0,115.5
0,29.999999999999996
0,81.75
0,62.99999999999999
0,93.2
0,152.0
0,180.0
0,135.0
0,44.0
0,17.0
0,47.0
0,57.5
0,24.000000000000004
0,16.0
0,206.0
0,67.33333333
0,87.25
0,65.5
0,208.0
0,157.0
0,115.6666667
0,19.0
379,112.0833333
380,208.0
381,210.0
382,59.75
383,181.0
383,0.0
384,66.25
385,64.5
386,54.5
387,113.0
388,442.66666669999995
389,144.5
390,174.0
391,152.0
392,54.5
393,45.00000000000001
394,29.0
395,96.15789473999999
396,53.50000000000001
397,61.0
398,8.25
399,105.5
400,165.0
401,108.0
402,37.125
403,126.99999999999999
404,54.5
405,64.0
406,39.99999999999999
407,56.89999999999999
408,102.25
409,34.0
410,30.000000000000004
411,41.0
412,37.0
413,36.0
414,78.71428571
415,100.33333329999999
416,96.0
417,89.0
418,46.37499999999999
419,31.750000000000004
420,9.333333333
421,49.0
422,10.42857143
423,43.0
424,19.42857143
425,24.71428571
426,141.0
427,139.0
428,72.35714286
429,40.5
430,55.33333333
431,70.99999999999999
432,39.0
433,53.99999999999999
434,56.33333333
435,62.49999999999999
436,165.0
437,183.0
438,189.5
439,128.0
440,73.0
441,307.0
442,71.0
443,25.000000000000004
444,60.99999999999999
445,58.0
446,20.0
447,18.000000000000004
448,157.75
449,159.0
450,81.99999999999999
451,153.0
452,36.0
453,85.50000000000001
454,89.75
455,52.99999999999999
456,48.0
457,48.0
458,15.33333333
459,26.33333333
460,26.999999999999996
461,15.66666667
462,56.19354839
463,86.125
464,114.33333330000002
465,132.5555556
466,112.5
467,101.3
467,0.0
468,4.733333333
469,72.71428571
470,63.59090909
471,12.46875
472,133.0
473,6.379310345
474,86.54545455
475,68.89655172
476,76.0
477,74.72727273
478,47.0
479,97.14285713999999
480,19.0
481,43.24999999999999
482,56.25
483,61.649122809999994
484,56.26086957
485,93.66666667
486,60.0
487,16.909090909999996
488,64.69565217
489,15.0
490,38.44444444
491,118.25
492,23.000000000000004
493,144.50000000000003
494,22.000000000000004
495,38.8
496,60.50000000000001
497,108.36363640000002
498,93.12500000000001
0,0.0
0,102.0
0,113.0
3,232.5
4,46.08333333
0,91.0
6,69.0
7,210.5
8,89.5
9,21.0
10,21.0
0,21.0
12,19.0
0,27.000000000000004
14,27.0
15,229.2
0,54.5
0,163.0
18,123.09090909999999
0,180.6666667
0,0.0
0,53.0
22,31.230769229999996
23,128.2
0,62.88461538
25,2.0
0,64.875
27,34.0
0,121.5
29,53.0
30,27.66666667
31,39.85714286
0,96.0
0,44.0
34,24.999999999999996
0,379.0
0,126.0
0,0.0
0,50.0
0,107.0
0,43.74825175
40,46.28571429
41,32.0
42,45.33333333
0,77.0
44,109.85714289999999
45,103.6666667
46,38.66666667
0,72.0
48,61.5
49,52.7
0,31.0
51,132.0
52,38.0
53,8.0
0,11.18181818
0,0.0
0,118.4666667
57,22.000000000000004
58,39.0
0,273.33333329999994
60,38.0
0,13.666666669999998
0,214.99999999999997
0,216.0
0,113.0
65,29.0
0,272.0
67,23.0
68,220.0
0,447.99999999999994
0,595.0
0,604.0
0,350.00000000000006
0,27.0
74,19.0
0,16.75
0,41.99999999999999
77,239.99999999999997
0,181.8
0,85.5
80,139.0
0,174.00000000000003
0,348.0
83,34.875
0,40.5
85,84.66666667
0,207.6666667
0,52.16666666999999
88,56.8
89,0.0
0,3.0
91,12.0
0,108.6666667
0,67.71428571
93,0.0
93,0.0
0,0.0
93,0.0
0,0.0
93,0.0
93,0.0
93,0.0
0,0.0
93,0.0
0,0.0
0,0.0
93,0.0
0,0.0
0,0.0
93,0.0
0,0.0
0,0.0
93,0.0
0,0.0
0,0.0
0,0.0
93,0.0
0,0.0
0,0.0
93,0.0
0,0.0
93,0.0
0,0.0
0,0.0
93,0.0
93,0.0
0,0.0
0,0.0
0,0.0
0,0.0
0,0.0
0,0.0
0,0.0
0,0.0
93,0.0
0,0.0
93,0.0
93,0.0
93,0.0
0,0.0
0,0.0
94,0.0
0,0.0
0,0.0
94,0.0
94,0.0
0,0.0
0,0.0
94,0.0
0,0.0
0,0.0
0,0.0
0,0.0
94,0.0
94,0.0
94,0.0
94,0.0
0,0.0
0,0.0
0,0.0
0,0.0
0,0.0
0,0.0
0,0.0
94,0.0
0,0.0
0,0.0
94,0.0
0,0.0
0,0.0
0,0.0
0,0.0
94,0.0
0,0.0
94,0.0
0,0.0
0,0.0
0,0.0
0,0.0
94,0.0
0,0.0
0,0.0
0,0.0
0,0.0
0,0.0
0,0.0
0,0.0
94,0.0
94,0.0
94,0.0
0,0.0
0,0.0
0,0.0
0,0.0
0,0.0
0,0.0
0,0.0
0,0.0
94,0.0
94,0.0
0,0.0
0,0.0
0,0.0
94,0.0
0,0.0
0,0.0
0,0.0
0,0.0
0,0.0
0,0.0
0,0.0
0,0.0
0,0.0
0,0.0
0,0.0
0,0.0
0,0.0
94,0.0
94,0.0
0,0.0
0,0.0
0,0.0
0,0.0
0,0.0
0,0.0
94,0.0
0,0.0
0,0.0
94,0.0
94,0.0
0,0.0
94,0.0
0,46.53333333
0,0.0
0,0.0
0,0.0
0,0.0
0,0.0
0,0.0
0,0.0
0,0.0
0,0.0
0,0.0
0,0.0
0,0.0
0,0.0
0,0.0
0,0.0
0,0.0
0,0.0
0,0.0
0,0.0
0,0.0
0,0.0
0,0.0
0,0.0
0,0.0
0,0.0
0,0.0
0,0.0
0,0.0
0,148.0
0,0.0
96,0.0
0,0.0
0,0.0
0,0.0
0,0.0
0,0.0
97,0.0
0,0.0
0,0.0
0,0.0
0,0.0
0,0.0
0,0.0
0,0.0
97,0.0
0,0.0
0,0.0
0,0.0
0,0.0
0,0.0
0,0.0
97,0.0
0,0.0
0,0.0
0,0.0
0,0.0
0,0.0
0,0.0
0,0.0
0,0.0
0,0.0
0,0.0
0,0.0
0,0.0
0,0.0
0,0.0
97,0.0
0,0.0
97,0.0
0,0.0
0,0.0
0,0.0
0,0.0
0,0.0
0,0.0
0,0.0
0,0.0
0,0.0
0,0.0
0,0.0
0,0.0
0,0.0
0,0.0
0,0.0
0,0.0
0,0.0
0,0.0
0,0.0
0,0.0
0,198.5
0,0.0
0,0.0
0,0.0
0,0.0
0,0.0
98,0.0
0,0.0
98,0.0
0,0.0
0,0.0
98,0.0
98,0.0
0,0.0
98,0.0
0,0.0
98,0.0
0,0.0
0,0.0
0,0.0
0,0.0
0,0.0
0,0.0
0,0.0
0,0.0
0,0.0
0,0.0
98,0.0
98,0.0
0,0.0
0,0.0
0,0.0
0,0.0
0,0.0
0,0.0
0,0.0
0,0.0
0,0.0
0,0.0
0,0.0
0,0.0
0,0.0
0,0.0
0,0.0
0,0.0
0,0.0
0,0.0
0,0.0
0,0.0
0,0.0
98,0.0
0,0.0
0,0.0
0,0.0
0,0.0
0,0.0
0,0.0
0,0.0
0,0.0
0,15.5
0,0.0
0,0.0
0,0.0
0,0.0
0,0.0
99,0.0
0,0.0
0,0.0
0,0.0
0,0.0
0,0.0
0,0.0
0,0.0
0,0.0
0,0.0
0,0.0
0,0.0
0,0.0
0,0.0
0,0.0
99,0.0
0,0.0
0,0.0
0,0.0
0,0.0
0,0.0
0,0.0
0,0.0
0,0.0
0,0.0
0,0.0
0,0.0
0,0.0
0,0.0
0,0.0
0,0.0
0,0.0
0,0.0
0,0.0
0,0.0
0,0.0
0,0.0
0,0.0
0,0.0
0,0.0
0,0.0
0,0.0
0,0.0
0,0.0
0,0.0
0,0.0
0,0.0
0,0.0
0,0.0
0,0.0
0,0.0
0,0.0
0,0.0
0,0.0
0,0.0
0,0.0
0,0.0
0,0.0
0,0.0
0,0.0
0,0.0
0,0.0
0,0.0
0,0.0
0,384.0
0,0.0
0,0.0
0,0.0
0,0.0
0,0.0
100,0.0
0,0.0
100,0.0
0,0.0
0,0.0
0,0.0
0,0.0
0,0.0
0,0.0
0,0.0
0,0.0
0,0.0
0,0.0
0,0.0
0,0.0
0,0.0
0,0.0
0,0.0
0,0.0
0,0.0
0,0.0
0,0.0
0,0.0
0,0.0
0,0.0
0,0.0
0,0.0
0,0.0
0,0.0
0,0.0
0,0.0
0,0.0
0,0.0
0,0.0
0,0.0
0,0.0
0,0.0
0,0.0
0,0.0
0,0.0
0,0.0
0,0.0
0,803.9999999999999
0,0.0
0,0.0
0,0.0
0,0.0
0,0.0
0,0.0
0,0.0
0,0.0
0,0.0
0,0.0
0,0.0
0,0.0
0,0.0
0,0.0
0,0.0
0,0.0
0,0.0
0,0.0
0,0.0
0,0.0
0,0.0
0,0.0
0,38.33333333
102,0.0
0,0.0
0,0.0
0,0.0
0,0.0
0,0.0
0,0.0
0,0.0
0,0.0
0,0.0
0,0.0
0,0.0
0,0.0
102,0.0
0,0.0
102,0.0
0,0.0
0,0.0
0,0.0
0,0.0
102,0.0
0,0.0
0,0.0
0,0.0
0,0.0
0,0.0
0,0.0
0,0.0
0,0.0
0,0.0
0,0.0
0,0.0
102,0.0
0,0.0
0,0.0
0,0.0
0,0.0
0,0.0
0,0.0
0,0.0
102,0.0
0,0.0
0,0.0
0,0.0
0,0.0
0,0.0
0,0.0
0,0.0
0,0.0
0,0.0
0,0.0
0,0.0
0,0.0
0,0.0
0,0.0
0,0.0
0,0.0
0,0.0
0,0.0
102,0.0
0,0.0
0,0.0
0,0.0
0,0.0
0,0.0
0,0.0
0,0.0
0,0.0
0,0.0
0,0.0
0,92.0
0,0.0
0,34.66666667
0,44.0
0,66.00000000000001
0,169.5
0,53.0
0,147.0
0,116.5
0,29.999999999999996
0,260.5
0,177.5714286
0,285.8571429
0,115.0
116,123.25
0,142.99999999999997
0,283.0
0,357.0
0,201.16666669999998
0,120.0
0,110.5
0,117.7142857
0,231.0
0,135.0
0,119.2
0,154.0
0,214.00000000000003
0,602.0
0,325.0
0,649.0
0,354.0
0,25.5
0,19.09090909
0,51.0
0,56.93023256
0,115.83333329999999
0,99.01265823
0,31.72
0,109.5066667
0,82.875
142,181.5
0,33.0
0,115.4482759
0,34.0
0,17.66666667
0,101.09302329999998
0,7.499999999999999
0,32.9
0,122.0
0,37.888888890000004
0,38.4
0,70.14285714
0,71.69230769
0,264.0
0,259.0
0,104.5
0,11.0
0,103.50000000000001
160,66.88888889
0,48.93333333
0,49.0
0,76.72727273
0,93.83333333
0,198.0
0,99.78465347
0,129.4361702
0,75.6
0,47.15384615
0,35.33333333
0,38.22222221999999
0,91.59999999999998
0,146.5
0,18.666666669999998
0,91.21428571
0,33.5
0,45.33333333
0,130.7916667
0,106.2
0,107.4
0,181.99999999999997
0,141.6
0,52.0
0,49.75
0,65.66666667
186,57.2
0,156.4
0,116.99999999999999
0,57.66666666999999
0,43.64179104
0,56.00000000000001
0,275.0
0,46.0
0,26.25
0,32.16666667
196,61.800000000000004
0,105.0833333
0,108.49999999999999
0,70.03846154
0,139.75
0,54.66666666999999
0,78.625
0,143.0
0,36.90909091
0,45.33333333
0,104.30921049999999
0,29.5
0,50.75
0,29.625
210,117.0
0,77.1
0,80.5
0,26.499999999999996
0,67.62463343
0,18.0
0,38.85714286
0,20.0
0,45.0
0,31.0
0,48.00000000000001
0,24.666666669999998
0,13.5
0,82.625
0,189.0
0,44.66666667
0,27.0
0,27.000000000000004
0,13.0
0,37.5
0,113.80000000000001
0,37.666666670000005
0,33.88888889
0,38.0
0,16.0
0,698.5
0,96.63636364
0,129.6666667
0,142.0
0,63.00000000000001
0,76.5
0,103.19999999999999
0,100.55555559999999
0,124.0
0,72.25000000000001
0,349.1666667
0,62.84090909
0,5.0
0,104.0
0,23.000000000000004
0,10.0
0,34.625
0,33.0
0,1002.9999999999999
0,78.0
0,69.4
0,20.5
0,42.4
0,65.0
0,25.399999999999995
0,19.0
0,144.3333333
0,45.4516129
0,135.18181820000004
0,25.888888889999997
0,26.0
0,29.636363639999995
0,211.8
0,28.0
0,33.0
0,130.7
0,20.0
0,37.53846154
0,55.33333333
0,46.4
0,82.00414938
0,46.0
0,176.2
0,141.9642857
0,322.0
0,365.0
0,367.00000000000006
0,197.8333333
0,97.99999999999999
0,15.0
0,80.33333333
0,122.0
0,119.00000000000001
0,111.8
0,6.666666667
0,42.75
0,157.0
0,61.0
0,69.0
0,82.66666666999998
0,145.6666667
0,178.4285714
0,188.6666667
0,61.20000000000001
0,68.16666667
0,80.0
0,92.5
0,53.33333333
0,28.25
0,59.00000000000001
0,110.625
0,23.44117647
0,151.7777778
0,54.0
0,33.333333329999995
0,81.0
0,38.0
0,16.0
0,79.11111111
0,149.6
0,64.51851852
0,26.66666667
0,61.15384615000001
0,217.0
0,142.00000000000003
0,123.0
0,41.00000000000001
0,159.5
0,199.0
0,193.5
0,9.25
0,35.64285714
0,37.82608696
0,205.0
0,189.00000000000003
0,250.0
0,80.85714286
0,108.0
0,21.818181819999996
0,120.99999999999999
0,55.50000000000001
0,43.03846153999999
0,44.00000000000001
0,21.0
0,42.93421053
0,36.5
0,61.0
0,73.9
0,41.5
0,89.0
0,272.0
0,133.4
0,127.0
0,281.0
0,19.0
0,65.55319149
0,30.66666667
0,18.75
0,64.0
0,29.599999999999998
0,98.99999999999999
0,127.00000000000001
0,185.50000000000003
0,121.5
0,106.24999999999999
0,56.0
0,53.5
0,188.0
0,115.5
0,30.0
0,81.75
0,63.0
0,93.19999999999999
0,152.0
0,180.00000000000003
0,135.0
0,44.0
0,17.0
0,47.0
0,57.5
0,24.0
0,16.0
0,206.0
0,67.33333333000002
0,87.25
0,65.5
0,208.0
0,157.0
0,115.66666669999998
0,19.0
385,112.0833333
386,208.0
387,210.00000000000003
388,59.75
389,180.99999999999997
389,0.0
390,66.25
391,64.5
392,54.5
393,113.0
394,442.6666667
395,144.5
396,174.0
397,152.0
398,54.50000000000001
399,45.0
400,29.000000000000004
401,96.15789474
402,53.5
403,61.00000000000001
404,8.25
405,105.50000000000001
406,165.0
407,107.99999999999999
408,37.125
409,127.0
410,54.5
411,64.0
412,40.0
413,56.9
414,102.25
415,34.0
416,29.999999999999996
417,41.00000000000001
418,37.0
419,36.0
420,78.71428570999998
421,100.3333333
422,96.00000000000001
423,89.0
424,46.375
425,31.75
426,9.333333333
427,49.00000000000001
428,10.42857143
429,43.0
430,19.42857143
431,24.714285710000002
432,141.0
433,139.0
434,72.35714286
435,40.5
436,55.33333333
437,71.0
438,39.00000000000001
439,54.0
440,56.33333333
441,62.5
442,165.0
443,183.0
444,189.5
445,128.0
446,73.0
447,307.0
448,71.00000000000001
449,25.0
450,61.00000000000001
451,58.0
452,20.0
453,17.999999999999996
454,157.75
455,159.0
456,82.0
457,153.0
458,36.0
459,85.5
460,89.75
461,53.0
462,48.0
463,48.0
464,15.333333330000002
465,26.333333330000002
466,27.0
467,15.66666667
468,56.193548390000004
469,86.12499999999999
470,114.33333330000002
471,132.5555556
472,112.49999999999999
473,101.30000000000001
473,0.0
474,4.733333333
475,72.71428571
476,63.59090909
477,12.468749999999998
478,133.0
479,6.379310345
480,86.54545455
481,68.89655172
482,76.0
483,74.72727273
484,47.00000000000001
485,97.14285714
486,19.0
487,43.25
488,56.25
489,61.64912281
490,56.26086957
491,93.66666667
492,60.00000000000001
493,16.90909091
494,64.69565217
495,15.0
496,38.44444444
497,118.25000000000001
498,23.000000000000004
499,144.5
500,22.000000000000004
501,38.8
502,60.5
503,108.3636364
504,93.12499999999999
0,0.0
0,102.0
0,113.0
3,232.5
4,46.08333333
0,91.0
6,69.0
7,210.5
8,89.5
9,21.0
10,21.0
0,21.0
12,19.0
0,27.000000000000004
14,27.0
15,229.2
0,54.5
0,163.0
18,123.09090909999999
0,180.6666667
0,0.0
0,53.0
22,31.230769229999996
23,128.2
0,62.88461538
25,2.0
0,64.875
27,34.0
0,121.5
29,53.0
30,27.66666667
31,39.85714286
0,96.0
0,44.0
34,24.999999999999996
0,379.0
0,126.0
0,0.0
0,50.0
0,107.0
0,43.74825175
40,46.28571429
41,32.0
42,45.33333333
0,77.0
44,109.85714289999999
45,103.6666667
45,0.0
0,72.0
47,61.49999999999999
48,52.7
0,31.0
50,132.0
51,38.0
52,8.0
0,11.18181818
0,0.0
0,118.46666670000002
56,22.0
57,39.0
0,273.3333333
59,38.0
0,13.66666667
0,215.0
0,216.0
0,113.0
64,29.0
0,272.0
66,23.0
67,219.99999999999997
0,448.00000000000006
0,595.0
0,604.0
0,350.00000000000006
0,27.0
73,19.0
0,16.75
0,41.99999999999999
76,240.0
0,181.8
0,85.50000000000001
79,139.0
0,174.0
0,348.00000000000006
82,34.875
0,40.5
84,84.66666667
0,207.66666670000004
0,52.16666667
87,56.8
88,0.0
0,3.0
90,12.0
0,108.6666667
0,67.71428570999998
93,30.42857143
93,0.0
0,0.0
93,0.0
0,0.0
93,0.0
93,0.0
93,0.0
0,0.0
93,0.0
0,0.0
0,0.0
93,0.0
0,0.0
0,0.0
93,0.0
0,0.0
0,0.0
93,0.0
0,0.0
0,0.0
0,0.0
93,0.0
0,0.0
0,0.0
93,0.0
0,0.0
93,0.0
0,0.0
0,0.0
93,0.0
93,0.0
0,0.0
0,0.0
0,0.0
0,0.0
0,0.0
0,0.0
0,0.0
0,0.0
93,0.0
0,0.0
93,0.0
93,0.0
93,0.0
0,0.0
0,0.0
94,0.0
0,0.0
0,0.0
94,0.0
94,0.0
0,0.0
0,0.0
94,0.0
0,0.0
0,0.0
0,0.0
0,0.0
94,0.0
94,0.0
94,0.0
94,0.0
0,0.0
0,0.0
0,0.0
0,0.0
0,0.0
0,0.0
0,0.0
94,0.0
0,0.0
0,0.0
94,0.0
0,0.0
0,0.0
0,0.0
0,0.0
94,0.0
0,0.0
94,0.0
0,0.0
0,0.0
0,0.0
0,0.0
94,0.0
0,0.0
0,0.0
0,0.0
0,0.0
0,0.0
0,0.0
0,0.0
94,0.0
94,0.0
94,0.0
0,0.0
0,0.0
0,0.0
0,0.0
0,0.0
0,0.0
0,0.0
0,0.0
94,0.0
94,0.0
0,0.0
0,0.0
0,0.0
94,0.0
0,0.0
0,0.0
0,0.0
0,0.0
0,0.0
0,0.0
0,0.0
0,0.0
0,0.0
0,0.0
0,0.0
0,0.0
0,9.0
95,0.0
95,0.0
0,0.0
0,0.0
0,0.0
0,0.0
0,0.0
0,0.0
95,0.0
0,0.0
0,0.0
95,0.0
95,0.0
0,0.0
95,0.0
0,0.0
0,0.0
0,0.0
0,0.0
0,0.0
0,0.0
0,0.0
0,0.0
0,0.0
0,0.0
0,0.0
0,0.0
0,0.0
0,0.0
0,0.0
0,0.0
0,0.0
0,0.0
0,0.0
0,0.0
0,0.0
0,0.0
0,0.0
0,0.0
0,0.0
0,0.0
0,0.0
0,0.0
0,0.0
0,148.0
0,0.0
96,0.0
0,0.0
0,0.0
0,0.0
0,0.0
0,0.0
97,0.0
0,0.0
0,0.0
0,0.0
0,0.0
0,0.0
0,0.0
0,0.0
97,0.0
0,0.0
0,0.0
0,0.0
0,0.0
0,0.0
0,0.0
97,0.0
0,0.0
0,0.0
0,0.0
0,0.0
0,0.0
0,0.0
0,0.0
0,0.0
0,0.0
0,0.0
0,0.0
0,0.0
0,0.0
0,0.0
97,0.0
0,0.0
97,0.0
0,0.0
0,0.0
0,0.0
0,0.0
0,0.0
0,0.0
0,0.0
0,0.0
0,0.0
0,0.0
0,0.0
0,0.0
0,0.0
0,0.0
0,0.0
0,0.0
0,0.0
0,0.0
0,0.0
0,0.0
0,198.5
0,0.0
0,0.0
0,0.0
0,0.0
0,0.0
98,0.0
0,0.0
98,0.0
0,0.0
0,0.0
98,0.0
98,0.0
0,0.0
98,0.0
0,0.0
98,0.0
0,0.0
0,0.0
0,0.0
0,0.0
0,0.0
0,0.0
0,0.0
0,0.0
0,0.0
0,0.0
98,0.0
98,0.0
0,0.0
0,0.0
0,0.0
0,0.0
0,0.0
0,0.0
0,0.0
0,0.0
0,0.0
0,0.0
0,0.0
0,0.0
0,0.0
0,0.0
0,0.0
0,0.0
0,0.0
0,0.0
0,0.0
0,0.0
0,0.0
98,0.0
0,0.0
0,0.0
0,0.0
0,0.0
0,0.0
0,0.0
0,0.0
0,0.0
0,0.0
0,0.0
0,0.0
0,0.0
0,0.0
0,0.0
98,0.0
0,0.0
0,0.0
0,0.0
0,0.0
0,0.0
0,0.0
0,0.0
0,0.0
0,0.0
0,0.0
0,0.0
0,0.0
0,0.0
0,0.0
98,0.0
0,0.0
0,0.0
0,0.0
0,0.0
0,0.0
0,0.0
0,0.0
0,0.0
0,0.0
0,0.0
0,0.0
0,0.0
0,0.0
0,0.0
0,0.0
0,0.0
0,0.0
0,0.0
0,0.0
0,0.0
0,0.0
0,0.0
0,0.0
0,0.0
0,0.0
0,0.0
0,0.0
0,0.0
0,0.0
0,0.0
0,0.0
0,0.0
0,0.0
0,0.0
0,0.0
0,0.0
0,0.0
0,0.0
0,71.84117647
0,0.0
0,0.0
0,0.0
0,0.0
0,0.0
0,0.0
0,0.0
0,0.0
0,0.0
0,384.0
0,0.0
0,0.0
0,0.0
0,0.0
0,0.0
100,0.0
0,0.0
100,0.0
0,0.0
0,0.0
0,0.0
0,0.0
0,0.0
0,0.0
0,0.0
0,0.0
0,0.0
0,0.0
0,0.0
0,0.0
0,0.0
0,0.0
0,0.0
0,0.0
0,0.0
0,0.0
0,0.0
0,0.0
0,0.0
0,0.0
0,0.0
0,0.0
0,0.0
0,0.0
0,0.0
0,0.0
0,0.0
0,0.0
0,0.0
0,0.0
0,0.0
0,0.0
0,0.0
0,0.0
0,0.0
0,0.0
0,0.0
0,803.9999999999999
0,0.0
0,0.0
0,0.0
0,0.0
0,0.0
0,0.0
0,0.0
0,0.0
0,0.0
0,0.0
0,0.0
0,0.0
0,0.0
0,0.0
0,0.0
0,0.0
0,0.0
0,0.0
0,0.0
0,0.0
0,0.0
0,0.0
0,38.33333333
102,0.0
0,0.0
0,0.0
0,0.0
0,0.0
0,0.0
0,0.0
0,0.0
0,0.0
0,0.0
0,0.0
0,0.0
0,0.0
102,0.0
0,0.0
102,0.0
0,0.0
0,0.0
0,0.0
0,0.0
102,0.0
0,0.0
0,0.0
0,0.0
0,0.0
0,0.0
0,0.0
0,0.0
0,0.0
0,0.0
0,0.0
0,0.0
102,0.0
0,0.0
0,0.0
0,0.0
0,0.0
0,0.0
0,0.0
0,0.0
102,0.0
0,0.0
0,0.0
0,0.0
0,0.0
0,0.0
0,0.0
0,0.0
0,0.0
0,0.0
0,0.0
0,0.0
0,0.0
0,0.0
0,0.0
0,0.0
0,0.0
0,0.0
0,0.0
102,0.0
0,0.0
0,0.0
0,0.0
0,0.0
0,0.0
0,0.0
0,0.0
0,0.0
0,0.0
0,0.0
0,92.0
0,0.0
0,34.66666667
0,44.0
0,66.00000000000001
0,169.5
0,53.0
0,147.0
0,116.5
0,29.999999999999996
0,260.5
0,177.5714286
0,285.8571429
0,115.0
116,123.25
0,142.99999999999997
0,283.0
0,357.0
0,201.16666669999998
0,120.0
0,110.5
0,117.7142857
0,231.0
0,135.0
0,119.2
0,154.0
0,214.00000000000003
0,602.0
0,325.0
0,649.0
0,354.0
0,25.5
0,19.09090909
0,51.0
0,56.93023256
0,115.83333329999999
0,99.01265823
0,31.72
0,109.5066667
0,82.875
142,181.5
0,33.0
0,115.4482759
0,34.0
0,17.66666667
0,101.09302329999998
0,7.499999999999999
0,32.9
0,122.0
0,37.888888890000004
0,38.4
0,70.14285714
0,71.69230769
0,264.0
0,259.0
0,104.5
0,11.0
0,103.50000000000001
160,66.88888889
0,48.93333333
0,49.0
0,76.72727273
0,93.83333333
0,198.0
0,99.78465347
0,129.4361702
0,75.6
0,47.15384615
0,35.33333333
0,38.22222221999999
0,91.59999999999998
0,146.5
0,18.666666669999998
0,91.21428571
0,33.5
0,45.33333333
0,130.7916667
0,106.2
0,107.4
0,181.99999999999997
0,141.6
0,52.0
0,49.75
0,65.66666667
186,57.2
0,156.4
0,116.99999999999999
0,57.66666666999999
0,43.64179104
0,56.00000000000001
0,275.0
0,46.0
0,26.25
0,32.16666667
196,61.800000000000004
0,105.0833333
0,108.49999999999999
0,70.03846154
0,139.75
0,54.66666666999999
0,0.0
0,143.00000000000003
0,36.90909091
0,45.33333333
0,104.3092105
0,29.5
0,50.75
0,29.625
209,116.99999999999999
0,77.1
0,80.5
0,26.5
0,67.62463343
0,18.0
0,38.85714286
0,20.0
0,45.00000000000001
0,31.0
0,48.0
0,24.66666667
0,13.5
0,82.625
0,188.99999999999997
0,44.66666667
0,27.0
0,27.0
0,13.000000000000002
0,37.5
0,113.79999999999998
0,37.66666667
0,33.88888889
0,38.0
0,16.0
0,698.5
0,96.63636364
0,129.66666670000004
0,142.0
0,63.0
0,76.5
0,103.2
0,100.5555556
0,123.99999999999999
0,72.25
0,349.1666667
0,62.84090909
0,5.0
0,104.0
0,23.0
0,10.0
0,34.625
0,33.0
0,1002.9999999999999
0,78.0
0,69.4
0,20.499999999999996
0,42.4
0,65.0
0,25.400000000000002
0,18.999999999999996
0,144.3333333
0,45.45161290000001
0,135.1818182
0,25.88888889
0,26.000000000000004
0,29.636363639999995
0,211.8
0,27.999999999999996
0,33.0
0,130.7
0,20.0
0,37.53846154
0,55.33333333
0,46.4
0,82.00414938
0,46.0
0,176.20000000000002
0,141.9642857
0,322.00000000000006
0,365.0
0,367.0
0,197.8333333
0,98.0
0,15.0
0,80.33333333
0,122.00000000000001
0,119.0
0,111.8
0,6.666666667
0,42.75
0,157.0
0,61.0
0,69.0
0,82.66666667
0,145.6666667
0,178.4285714
0,188.6666667
0,61.20000000000001
0,68.16666667
0,80.0
0,92.49999999999999
0,53.333333329999995
0,28.249999999999996
0,59.00000000000001
0,110.625
0,23.44117647
0,151.77777780000002
0,54.0
0,33.33333333
0,81.0
0,38.0
0,16.0
0,79.11111111000001
0,149.6
0,64.51851852000001
0,26.66666667
0,61.15384615000001
0,217.0
0,142.0
0,123.0
0,41.00000000000001
0,159.5
0,199.0
0,193.5
0,9.25
0,35.64285714
0,37.826086960000005
0,204.99999999999997
0,189.00000000000003
0,249.99999999999997
0,80.85714286000001
0,108.0
0,21.81818182
0,121.00000000000001
0,55.5
0,43.03846153999999
0,44.0
0,21.0
0,42.934210529999994
0,36.5
0,61.0
0,73.9
0,41.5
0,89.0
0,272.0
0,133.4
0,127.0
0,281.00000000000006
0,19.0
0,65.55319149
0,30.66666667
0,18.75
0,64.0
0,0.0
0,99.0
0,127.00000000000001
0,185.5
0,121.50000000000001
0,106.25
0,56.0
0,53.5
0,187.99999999999997
0,115.5
0,30.0
0,81.75
0,63.0
0,93.2
0,152.0
0,180.0
0,135.0
0,44.0
0,17.0
0,47.00000000000001
0,57.5
0,24.0
0,15.999999999999998
0,206.0
0,67.33333333
0,87.25
0,65.5
0,208.0
0,157.0
0,0.0
0,19.0
382,112.08333330000002
383,208.00000000000003
384,210.0
385,59.75
386,181.0
386,0.0
387,66.25
388,64.5
389,54.5
390,112.99999999999999
391,442.6666667
392,144.5
393,173.99999999999997
394,152.0
395,54.50000000000001
396,45.0
397,29.0
398,96.15789474
399,53.5
400,61.0
401,8.25
402,105.5
403,165.0
404,107.99999999999999
405,37.125
406,127.0
407,54.5
408,64.0
409,40.0
410,56.900000000000006
411,102.25000000000001
412,34.0
413,29.999999999999996
414,41.0
415,37.0
416,36.0
417,78.71428571
418,100.3333333
419,96.0
420,89.0
421,46.375
422,31.75
423,9.333333333
424,48.99999999999999
425,10.428571430000002
426,43.0
427,19.42857143
428,24.714285709999995
429,141.0
430,139.0
431,72.35714285999998
432,40.5
433,55.33333333000001
434,71.0
435,39.0
436,54.0
437,56.33333333
438,62.5
439,165.0
440,183.0
441,189.49999999999997
442,128.0
443,73.0
444,307.0
445,71.0
446,25.0
447,61.0
448,57.99999999999999
449,20.0
450,18.0
451,157.75
452,159.00000000000003
453,82.0
454,153.0
455,36.0
456,85.5
457,89.74999999999999
458,53.0
459,48.0
460,48.0
461,15.333333329999999
462,26.33333333
463,27.0
464,15.66666667
465,56.193548390000004
466,86.125
467,114.33333330000002
468,132.5555556
469,112.50000000000001
470,101.3
470,0.0
471,4.733333333
472,72.71428571
473,63.59090908999999
474,12.468749999999998
475,133.0
476,6.379310345
477,86.54545455
478,68.89655172
479,76.0
480,74.72727273
481,46.99999999999999
482,97.14285714
483,19.0
484,43.25
485,56.25
486,61.64912281
487,56.26086957
488,93.66666667
489,60.0
490,16.90909091
491,64.69565217
492,15.000000000000002
493,38.44444444
494,118.25
495,23.0
496,144.5
497,22.0
498,38.8
499,60.50000000000001
500,108.36363639999999
501,93.125
0,0.0
0,102.0
0,113.0
3,232.5
4,46.08333333
0,91.0
6,69.0
7,210.5
8,89.5
9,21.0
10,21.0
0,21.0
12,19.0
0,27.000000000000004
14,27.0
15,229.2
0,54.5
0,163.0
18,123.09090909999999
0,180.6666667
0,0.0
0,53.0
22,31.230769229999996
23,128.2
0,62.88461538
25,2.0
0,64.875
27,34.0
0,121.5
29,53.0
30,27.66666667
31,39.85714286
0,96.0
0,44.0
34,24.999999999999996
0,379.0
0,126.0
0,0.0
0,50.0
0,107.0
0,43.74825175
40,46.28571429
41,32.0
42,45.33333333
0,77.0
44,109.85714289999999
45,103.6666667
46,38.66666667
0,72.0
48,61.5
49,52.7
0,31.0
51,132.0
52,38.0
53,8.0
0,11.18181818
0,0.0
0,118.4666667
57,22.000000000000004
58,39.0
0,273.33333329999994
60,38.0
0,13.666666669999998
0,214.99999999999997
0,216.0
0,113.0
65,29.0
0,272.0
67,23.0
68,220.0
0,447.99999999999994
0,595.0
0,604.0
0,350.00000000000006
0,27.0
74,19.0
0,16.75
0,41.99999999999999
77,239.99999999999997
0,181.8
0,85.5
80,139.0
0,174.00000000000003
0,348.0
83,34.875
0,40.5
85,84.66666667
0,207.6666667
0,52.16666666999999
88,56.8
89,0.0
0,3.0
91,12.0
0,108.6666667
0,67.71428571
93,0.0
93,0.0
0,0.0
93,0.0
0,0.0
93,0.0
93,0.0
93,0.0
0,0.0
93,0.0
0,0.0
0,0.0
93,0.0
0,0.0
0,0.0
93,0.0
0,0.0
0,0.0
93,0.0
0,0.0
0,0.0
0,0.0
93,0.0
0,0.0
0,0.0
93,0.0
0,0.0
93,0.0
0,0.0
0,0.0
93,0.0
93,0.0
0,0.0
0,0.0
0,0.0
0,0.0
0,0.0
0,0.0
0,0.0
0,0.0
93,0.0
0,0.0
93,0.0
93,0.0
93,0.0
0,0.0
0,0.0
94,0.0
0,0.0
0,0.0
94,0.0
94,0.0
0,0.0
0,0.0
94,0.0
0,0.0
0,0.0
0,0.0
0,0.0
94,0.0
94,0.0
94,0.0
94,0.0
0,0.0
0,0.0
0,0.0
0,0.0
0,0.0
0,0.0
0,0.0
94,0.0
0,0.0
0,0.0
94,0.0
0,0.0
0,0.0
0,0.0
0,0.0
94,0.0
0,0.0
94,0.0
0,0.0
0,0.0
0,0.0
0,0.0
94,0.0
0,0.0
0,0.0
0,0.0
0,0.0
0,0.0
0,0.0
0,0.0
94,0.0
94,0.0
94,0.0
0,0.0
0,0.0
0,0.0
0,0.0
0,0.0
0,0.0
0,0.0
0,0.0
94,0.0
94,0.0
0,0.0
0,0.0
0,0.0
94,0.0
0,0.0
0,0.0
0,0.0
0,0.0
0,0.0
0,0.0
0,0.0
0,0.0
0,0.0
0,0.0
0,0.0
0,0.0
0,0.0
94,0.0
94,0.0
0,0.0
0,0.0
0,0.0
0,0.0
0,0.0
0,0.0
94,0.0
0,0.0
0,0.0
94,0.0
94,0.0
0,0.0
94,0.0
0,0.0
0,0.0
0,0.0
0,0.0
0,0.0
0,0.0
0,0.0
0,0.0
0,0.0
0,0.0
0,0.0
0,0.0
0,0.0
0,0.0
0,0.0
0,0.0
0,0.0
0,0.0
0,0.0
0,0.0
0,0.0
0,0.0
0,0.0
0,0.0
0,0.0
0,0.0
0,0.0
0,0.0
0,0.0
0,148.0
0,0.0
95,0.0
0,0.0
0,0.0
0,0.0
0,0.0
0,0.0
96,0.0
0,0.0
0,0.0
0,0.0
0,0.0
0,0.0
0,0.0
0,0.0
96,0.0
0,0.0
0,0.0
0,0.0
0,0.0
0,0.0
0,0.0
96,0.0
0,0.0
0,0.0
0,0.0
0,0.0
0,0.0
0,0.0
0,0.0
0,0.0
0,0.0
0,0.0
0,0.0
0,0.0
0,0.0
0,0.0
96,0.0
0,0.0
96,0.0
0,0.0
0,0.0
0,0.0
0,0.0
0,0.0
0,0.0
0,0.0
0,0.0
0,0.0
0,0.0
0,0.0
0,0.0
0,0.0
0,0.0
0,0.0
0,0.0
0,0.0
0,0.0
0,0.0
0,0.0
0,198.50000000000003
0,0.0
0,0.0
0,0.0
0,0.0
0,0.0
97,0.0
0,0.0
97,0.0
0,0.0
0,0.0
97,0.0
97,0.0
0,0.0
97,0.0
0,0.0
97,0.0
0,0.0
0,0.0
0,0.0
0,0.0
0,0.0
0,0.0
0,0.0
0,0.0
0,0.0
0,0.0
97,0.0
97,0.0
0,0.0
0,0.0
0,0.0
0,0.0
0,0.0
0,0.0
0,0.0
0,0.0
0,0.0
0,0.0
0,0.0
0,0.0
0,0.0
0,0.0
0,0.0
0,0.0
0,0.0
0,0.0
0,0.0
0,0.0
0,0.0
97,0.0
0,120.0
0,0.0
0,0.0
0,0.0
0,0.0
0,0.0
0,0.0
0,0.0
0,0.0
0,0.0
0,0.0
0,0.0
0,0.0
0,0.0
98,0.0
0,0.0
0,0.0
0,0.0
0,0.0
0,0.0
0,0.0
0,0.0
0,0.0
0,0.0
0,0.0
0,0.0
0,0.0
0,0.0
0,0.0
98,0.0
0,0.0
0,0.0
0,0.0
0,0.0
0,0.0
0,0.0
0,0.0
0,0.0
0,0.0
0,0.0
0,0.0
0,0.0
0,0.0
0,0.0
0,0.0
0,0.0
0,0.0
0,0.0
0,0.0
0,0.0
0,0.0
0,0.0
0,0.0
0,0.0
0,0.0
0,0.0
0,0.0
0,0.0
0,0.0
0,0.0
0,0.0
0,0.0
0,0.0
0,0.0
0,0.0
0,0.0
0,0.0
0,0.0
0,0.0
0,0.0
0,0.0
0,0.0
0,0.0
0,0.0
0,0.0
0,0.0
0,0.0
0,0.0
0,384.0
0,0.0
0,0.0
0,0.0
0,0.0
0,0.0
99,0.0
0,0.0
99,0.0
0,0.0
0,0.0
0,0.0
0,0.0
0,0.0
0,0.0
0,0.0
0,0.0
0,0.0
0,0.0
0,0.0
0,0.0
0,0.0
0,0.0
0,0.0
0,0.0
0,0.0
0,0.0
0,0.0
0,0.0
0,0.0
0,0.0
0,0.0
0,0.0
0,0.0
0,0.0
0,0.0
0,0.0
0,0.0
0,0.0
0,0.0
0,0.0
0,0.0
0,0.0
0,0.0
0,0.0
0,0.0
0,0.0
0,0.0
0,803.9999999999999
0,0.0
0,0.0
0,57.49999999999999
0,0.0
0,0.0
0,0.0
0,0.0
0,0.0
0,0.0
0,0.0
0,0.0
0,0.0
0,0.0
0,0.0
0,0.0
0,118.6666667
0,0.0
0,0.0
0,0.0
0,0.0
0,0.0
0,0.0
0,38.33333333
103,0.0
0,0.0
0,0.0
0,0.0
0,0.0
0,0.0
0,0.0
0,0.0
0,0.0
0,0.0
0,0.0
0,0.0
0,0.0
103,0.0
0,0.0
103,0.0
0,0.0
0,0.0
0,0.0
0,0.0
103,0.0
0,0.0
0,0.0
0,0.0
0,0.0
0,0.0
0,0.0
0,0.0
0,0.0
0,0.0
0,0.0
0,0.0
103,0.0
0,0.0
0,0.0
0,0.0
0,0.0
0,0.0
0,0.0
0,0.0
103,0.0
0,0.0
0,0.0
0,0.0
0,0.0
0,0.0
0,0.0
0,0.0
0,0.0
0,0.0
0,0.0
0,0.0
0,0.0
0,0.0
0,0.0
0,0.0
0,0.0
0,0.0
0,0.0
103,0.0
0,0.0
0,0.0
0,0.0
0,0.0
0,0.0
0,0.0
0,0.0
0,0.0
0,0.0
0,66.3
0,92.0
0,131.0
0,34.66666667
0,44.0
0,65.99999999999999
0,169.5
0,52.99999999999999
0,147.0
0,116.50000000000001
0,30.0
0,260.5
0,177.5714286
0,285.8571429
0,115.0
119,123.24999999999999
0,143.0
0,283.0
0,357.0
0,201.1666667
0,119.99999999999999
0,110.5
0,117.7142857
0,230.99999999999997
0,135.0
0,119.2
0,154.0
0,214.0
0,602.0
0,325.0
0,649.0
0,354.0
0,25.5
0,19.09090909
0,51.0
0,56.93023256
0,0.0
0,99.01265823
0,31.72
0,109.5066667
0,82.87499999999999
144,181.5
0,33.0
0,115.44827590000001
0,34.0
0,17.666666669999998
0,101.0930233
0,7.5
0,32.9
0,121.99999999999999
0,37.88888889
0,38.4
0,70.14285714
0,71.69230769
0,264.0
0,259.0
0,104.50000000000001
0,11.0
0,103.49999999999999
162,66.88888889
0,48.93333333
0,49.0
0,76.72727273000001
0,93.83333333
0,198.0
0,99.78465347
0,129.4361702
0,75.6
0,47.15384615
0,35.333333329999995
0,38.22222222
0,91.6
0,146.5
0,18.66666667
0,91.21428570999998
0,33.5
0,45.333333329999995
0,130.7916667
0,106.19999999999999
0,107.4
0,182.0
0,141.6
0,52.0
0,49.75
0,65.66666667
188,57.199999999999996
0,156.40000000000003
0,117.0
0,57.66666667
0,43.64179104
0,55.99999999999999
0,275.0
0,46.00000000000001
0,26.25
0,32.16666667
198,61.79999999999999
0,105.08333329999999
0,108.5
0,70.03846154
0,139.75
0,54.666666670000005
0,78.62499999999999
0,143.0
0,36.90909091
0,45.33333333
0,104.3092105
0,29.500000000000004
0,50.74999999999999
0,29.625
212,117.00000000000001
0,77.1
0,80.49999999999999
0,26.5
0,67.62463343
0,18.0
0,38.85714286
0,20.000000000000004
0,45.0
0,31.0
0,48.0
0,24.66666667
0,13.5
0,82.625
0,189.0
0,44.66666667
0,27.0
0,27.000000000000004
0,13.0
0,37.5
0,113.8
0,37.66666667
0,33.88888889
0,38.0
0,16.0
0,698.5
0,96.63636364
0,129.6666667
0,142.0
0,63.00000000000001
0,76.5
0,103.2
0,100.55555560000002
0,123.99999999999999
0,72.25
0,349.1666667
0,62.84090909
0,5.0
0,104.00000000000001
0,23.0
0,10.0
0,34.62500000000001
0,33.0
0,1003.0000000000001
0,78.0
0,69.39999999999999
0,20.5
0,42.4
0,65.0
0,25.4
0,19.000000000000004
0,144.3333333
0,45.4516129
0,135.1818182
0,25.88888889
0,25.999999999999996
0,29.63636364
0,211.8
0,28.000000000000004
0,33.0
0,130.69999999999996
0,20.0
0,37.53846154
0,55.33333333
0,46.400000000000006
0,82.00414938
0,46.0
0,176.2
0,141.9642857
0,321.99999999999994
0,364.99999999999994
0,367.00000000000006
0,197.8333333
0,98.0
0,15.0
0,80.33333333
0,122.0
0,119.00000000000001
0,111.80000000000001
0,6.666666667
0,42.75
0,157.0
0,61.0
0,69.0
0,82.66666667
0,145.6666667
0,178.4285714
0,188.66666669999998
0,61.2
0,68.16666667
0,80.0
0,92.50000000000001
0,53.33333333
0,28.25
0,58.99999999999999
0,110.625
0,23.44117647
0,151.77777780000002
0,54.0
0,33.33333333
0,81.0
0,38.0
0,16.0
0,79.11111111
0,149.6
0,64.51851852
0,26.66666667
0,61.15384615
0,217.0
0,142.00000000000003
0,123.00000000000001
0,41.0
0,159.5
0,199.0
0,193.5
0,9.25
0,35.642857140000004
0,37.82608696
0,205.0
0,189.0
0,249.99999999999997
0,80.85714286
0,108.0
0,21.81818182
0,121.0
0,55.5
0,43.03846154
0,44.0
0,21.0
0,42.93421053
0,36.5
0,60.99999999999999
0,73.9
0,41.5
0,89.0
0,272.00000000000006
0,133.39999999999998
0,127.0
0,281.0
0,19.0
0,65.55319149
0,30.66666667
0,18.75
0,64.0
0,29.6
0,99.0
0,127.00000000000001
0,185.5
0,121.50000000000001
0,106.25000000000001
0,56.0
0,53.50000000000001
0,187.99999999999997
0,115.50000000000001
0,30.000000000000004
0,81.75
0,63.00000000000001
0,93.2
0,152.0
0,180.00000000000003
0,135.0
0,44.0
0,17.0
0,47.0
0,57.5
0,24.0
0,16.0
0,206.0
0,67.33333333
0,87.25
0,65.5
0,208.00000000000003
0,157.0
0,115.6666667
0,19.0
387,112.0833333
388,208.0
389,210.0
390,59.75000000000001
391,181.0
391,0.0
392,66.25
393,64.5
394,54.5
395,113.00000000000001
396,442.6666667
397,144.5
398,173.99999999999997
399,152.0
400,54.49999999999999
401,44.99999999999999
402,28.999999999999996
403,96.15789474
404,53.5
405,60.99999999999999
406,8.25
407,105.5
408,165.0
409,108.0
410,37.12500000000001
411,127.0
412,54.5
413,64.0
414,40.0
415,56.9
416,102.25
417,34.0
418,30.0
419,41.0
420,37.0
421,36.0
422,78.71428570999998
423,100.3333333
424,95.99999999999999
425,88.99999999999999
426,46.375
427,31.75
428,9.333333333
429,48.99999999999999
430,10.42857143
431,43.0
432,19.42857143
433,24.714285709999995
434,141.00000000000003
435,139.0
436,72.35714286
437,40.5
438,55.33333333000001
439,71.0
440,38.99999999999999
441,54.00000000000001
442,56.33333333
443,62.50000000000001
444,165.0
445,183.00000000000003
446,189.5
447,128.0
448,73.0
449,307.0
450,71.0
451,25.0
452,60.99999999999999
453,57.99999999999999
454,20.0
455,18.0
456,157.75
457,159.0
458,82.0
459,153.0
460,36.0
461,85.5
462,89.75
463,53.0
464,48.00000000000001
465,48.0
466,15.33333333
467,26.333333330000002
468,27.0
469,15.66666667
470,56.193548390000004
471,86.125
472,114.33333329999999
473,132.5555556
474,112.50000000000001
475,101.3
475,0.0
476,4.733333333000001
477,72.71428571000001
478,63.59090909
479,12.46875
480,133.0
481,6.379310345
482,86.54545455
483,68.89655172
484,76.0
485,74.72727273
486,46.99999999999999
487,97.14285714
488,18.999999999999996
489,43.25
490,56.25000000000001
491,61.649122809999994
492,56.26086957
493,93.66666667
494,60.00000000000001
495,16.90909091
496,64.69565217
497,15.0
498,38.44444444
499,118.25000000000001
500,23.0
501,144.5
502,22.0
503,38.800000000000004
504,60.49999999999999
505,108.3636364
506,93.125
0,0.0
0,102.0
0,113.0
3,232.5
4,46.08333333
0,91.0
6,69.0
7,210.5
8,89.5
9,21.0
10,21.0
0,21.0
12,19.0
0,27.000000000000004
14,27.0
15,229.2
0,54.5
0,163.0
18,123.09090909999999
0,180.6666667
0,0.0
0,53.0
22,31.230769229999996
23,128.2
0,62.88461538
25,2.0
0,64.875
27,34.0
0,121.5
29,53.0
30,27.66666667
31,39.85714286
0,96.0
0,44.0
34,24.999999999999996
0,379.0
0,126.0
0,0.0
0,50.0
0,107.0
0,43.74825175
40,46.28571429
41,32.0
42,45.33333333
0,77.0
44,109.85714289999999
45,103.6666667
46,38.66666667
0,72.0
48,61.5
49,52.7
0,31.0
51,132.0
52,38.0
53,8.0
0,11.18181818
0,0.0
0,118.4666667
57,22.000000000000004
58,39.0
0,273.33333329999994
60,38.0
0,13.666666669999998
0,214.99999999999997
0,216.0
0,113.0
65,29.0
0,272.0
67,23.0
68,220.0
0,447.99999999999994
0,595.0
0,604.0
0,350.00000000000006
0,27.0
74,19.0
0,16.75
0,41.99999999999999
77,239.99999999999997
0,181.8
0,85.5
80,139.0
0,174.00000000000003
0,0.0
82,34.875
0,40.5
84,84.66666667
0,207.66666670000004
0,52.16666667
87,56.8
88,0.0
0,3.0
90,12.0
0,108.6666667
0,67.71428570999998
92,0.0
92,0.0
0,0.0
92,0.0
0,0.0
92,0.0
92,0.0
92,0.0
0,0.0
92,0.0
0,0.0
0,0.0
92,0.0
0,0.0
0,0.0
92,0.0
0,0.0
0,0.0
92,0.0
0,0.0
0,0.0
0,0.0
92,0.0
0,0.0
0,0.0
92,0.0
0,0.0
92,0.0
0,0.0
0,0.0
92,0.0
92,0.0
0,0.0
0,0.0
0,0.0
0,0.0
0,0.0
0,0.0
0,0.0
0,0.0
92,0.0
0,0.0
92,0.0
92,0.0
92,0.0
0,0.0
0,0.0
93,0.0
0,0.0
0,0.0
93,0.0
93,0.0
0,0.0
0,0.0
93,0.0
0,0.0
0,0.0
0,0.0
0,0.0
93,0.0
93,0.0
93,0.0
93,0.0
0,0.0
0,0.0
0,0.0
0,0.0
0,0.0
0,0.0
0,0.0
93,0.0
0,0.0
0,0.0
93,0.0
0,0.0
0,0.0
0,0.0
0,0.0
93,0.0
0,0.0
93,0.0
0,0.0
0,0.0
0,0.0
0,0.0
93,0.0
0,0.0
0,0.0
0,0.0
0,0.0
0,0.0
0,0.0
0,0.0
93,0.0
93,0.0
93,0.0
0,0.0
0,0.0
0,0.0
0,0.0
0,0.0
0,0.0
0,0.0
0,0.0
93,0.0
93,0.0
0,0.0
0,0.0
0,0.0
93,0.0
0,0.0
0,0.0
0,0.0
0,0.0
0,0.0
0,0.0
0,0.0
0,0.0
0,0.0
0,0.0
0,0.0
0,0.0
0,0.0
93,0.0
93,0.0
0,0.0
0,0.0
0,0.0
0,0.0
0,0.0
0,0.0
93,0.0
0,0.0
0,0.0
93,0.0
93,0.0
0,0.0
93,0.0
0,0.0
0,0.0
0,0.0
0,0.0
0,0.0
0,0.0
0,0.0
0,0.0
0,0.0
0,0.0
0,0.0
0,0.0
0,0.0
0,0.0
0,0.0
0,0.0
0,0.0
0,0.0
0,0.0
0,0.0
0,0.0
0,0.0
0,0.0
0,0.0
0,0.0
0,0.0
0,0.0
0,0.0
0,0.0
0,148.0
0,0.0
94,0.0
0,0.0
0,0.0
0,0.0
0,0.0
0,0.0
95,0.0
0,0.0
0,0.0
0,0.0
0,0.0
0,0.0
0,0.0
0,0.0
95,0.0
0,0.0
0,0.0
0,0.0
0,0.0
0,0.0
0,0.0
95,0.0
0,0.0
0,0.0
0,0.0
0,0.0
0,0.0
0,0.0
0,0.0
0,0.0
0,0.0
0,0.0
0,0.0
0,0.0
0,0.0
0,0.0
95,0.0
0,0.0
95,0.0
0,0.0
0,0.0
0,0.0
0,0.0
0,0.0
0,0.0
0,0.0
0,0.0
0,0.0
0,0.0
0,0.0
0,0.0
0,0.0
0,0.0
0,0.0
0,0.0
0,0.0
0,0.0
0,0.0
0,0.0
0,198.5
0,0.0
0,0.0
0,0.0
0,0.0
0,0.0
96,0.0
0,0.0
96,0.0
0,0.0
0,0.0
96,0.0
96,0.0
0,0.0
96,0.0
0,0.0
96,0.0
0,0.0
0,0.0
0,0.0
0,0.0
0,0.0
0,0.0
0,0.0
0,0.0
0,0.0
0,0.0
96,0.0
96,0.0
0,0.0
0,0.0
0,0.0
0,0.0
0,0.0
0,0.0
0,0.0
0,0.0
0,0.0
0,0.0
0,0.0
0,0.0
0,0.0
0,0.0
0,0.0
0,0.0
0,0.0
0,0.0
0,0.0
0,0.0
0,0.0
96,0.0
0,0.0
0,0.0
0,0.0
0,0.0
0,0.0
0,0.0
0,0.0
0,0.0
0,0.0
0,0.0
0,0.0
0,0.0
0,0.0
0,0.0
96,0.0
0,0.0
0,0.0
0,0.0
0,0.0
0,0.0
0,0.0
0,0.0
0,0.0
0,0.0
0,0.0
0,0.0
0,0.0
0,0.0
0,0.0
96,0.0
0,0.0
0,0.0
0,0.0
0,0.0
0,0.0
0,0.0
0,0.0
0,0.0
0,0.0
0,0.0
0,0.0
0,0.0
0,0.0
0,0.0
0,0.0
0,0.0
0,0.0
0,0.0
0,0.0
0,0.0
0,0.0
0,0.0
0,0.0
0,0.0
0,0.0
0,0.0
0,0.0
0,0.0
0,0.0
0,0.0
0,0.0
0,0.0
0,0.0
0,0.0
0,0.0
0,0.0
0,0.0
0,0.0
0,0.0
0,0.0
0,0.0
0,0.0
0,0.0
0,0.0
0,0.0
0,0.0
0,0.0
0,0.0
0,383.99999999999994
0,0.0
0,0.0
0,0.0
0,0.0
0,0.0
97,0.0
0,0.0
97,0.0
0,0.0
0,0.0
0,0.0
0,0.0
0,0.0
0,0.0
0,0.0
0,0.0
0,0.0
0,0.0
0,0.0
0,0.0
0,0.0
0,0.0
0,0.0
0,0.0
0,0.0
0,0.0
0,0.0
0,0.0
0,0.0
0,0.0
0,0.0
0,0.0
0,0.0
0,0.0
0,0.0
0,0.0
0,0.0
0,0.0
0,0.0
0,0.0
0,0.0
0,0.0
0,0.0
0,0.0
0,0.0
0,0.0
0,0.0
0,804.0
0,0.0
0,0.0
0,0.0
0,0.0
0,0.0
0,0.0
0,0.0
0,0.0
0,0.0
0,0.0
0,0.0
0,0.0
0,0.0
0,0.0
0,0.0
0,0.0
0,0.0
0,0.0
0,0.0
0,0.0
0,0.0
0,0.0
0,38.33333333
99,0.0
0,0.0
0,0.0
0,0.0
0,0.0
0,0.0
0,0.0
0,0.0
0,0.0
0,0.0
0,0.0
0,0.0
0,0.0
99,0.0
0,0.0
99,0.0
0,0.0
0,0.0
0,0.0
0,0.0
99,0.0
0,0.0
0,0.0
0,0.0
0,0.0
0,0.0
0,0.0
0,0.0
0,0.0
0,0.0
0,0.0
0,0.0
99,0.0
0,0.0
0,0.0
0,0.0
0,0.0
0,0.0
0,0.0
0,0.0
99,0.0
0,0.0
0,0.0
0,0.0
0,0.0
0,0.0
0,0.0
0,0.0
0,0.0
0,0.0
0,32.0
0,0.0
0,0.0
0,0.0
0,0.0
0,0.0
0,0.0
0,0.0
0,0.0
100,0.0
0,0.0
0,0.0
0,0.0
0,0.0
0,0.0
0,0.0
0,0.0
0,0.0
0,0.0
0,0.0
0,92.0
0,0.0
0,0.0
0,44.0
0,66.0
0,169.5
0,53.0
0,147.0
0,116.5
0,30.0
0,260.5
0,177.5714286
0,285.8571429
0,114.99999999999999
113,123.25
0,143.0
0,283.0
0,357.0
0,201.1666667
0,120.0
0,110.5
0,117.7142857
0,230.99999999999997
0,135.0
0,119.2
0,154.0
0,214.0
0,602.0
0,325.0
0,649.0
0,354.0
0,25.500000000000004
0,19.09090909
0,51.0
0,56.93023255999999
0,115.8333333
0,99.01265823
0,31.72
0,109.5066667
0,82.87499999999999
139,181.5
0,33.0
0,115.4482759
0,34.0
0,17.66666667
0,101.0930233
0,7.500000000000001
0,32.89999999999999
0,122.0
0,37.88888889
0,38.4
0,70.14285714
0,71.69230769
0,264.0
0,259.0
0,104.5
0,11.0
0,103.5
157,66.88888888999999
0,48.93333333
0,49.00000000000001
0,76.72727273
0,93.83333333
0,197.99999999999997
0,99.78465346999998
0,129.4361702
0,75.6
0,47.15384615
0,35.33333333
0,38.22222221999999
0,91.6
0,146.5
0,18.66666667
0,91.21428571
0,33.5
0,45.33333333
0,130.7916667
0,106.2
0,107.39999999999999
0,182.0
0,141.6
0,51.99999999999999
0,49.75
0,65.66666667
183,57.20000000000001
0,156.4
0,117.0
0,57.66666667
0,43.64179104000001
0,56.0
0,275.0
0,46.00000000000001
0,26.25
0,32.16666667
193,61.8
0,105.0833333
0,108.5
0,70.03846154
0,139.75000000000003
0,54.66666667
0,78.625
0,143.00000000000003
0,36.90909091
0,45.333333329999995
0,104.3092105
0,29.499999999999996
0,50.75
0,29.625
207,117.00000000000001
0,77.1
0,80.5
0,26.5
0,67.62463343
0,18.0
0,38.85714286
0,20.000000000000004
0,45.0
0,31.0
0,48.0
0,24.666666669999998
0,13.5
0,82.62500000000001
0,189.0
0,44.66666667
0,27.0
0,27.0
0,13.000000000000002
0,37.5
0,113.79999999999998
0,37.666666670000005
0,33.888888890000004
0,38.00000000000001
0,16.0
0,698.5
0,96.63636364000001
0,129.6666667
0,142.0
0,63.0
0,76.5
0,103.19999999999999
0,100.55555560000002
0,123.99999999999999
0,72.25
0,349.1666667
0,62.840909090000004
0,5.000000000000001
0,104.0
0,23.000000000000004
0,10.0
0,34.625
0,32.99999999999999
0,1002.9999999999999
0,78.0
0,69.4
0,20.5
0,42.4
0,65.00000000000001
0,25.4
0,19.0
0,144.3333333
0,45.4516129
0,135.1818182
0,25.88888889
0,26.0
0,29.636363640000003
0,211.79999999999998
0,28.0
0,33.0
0,130.7
0,20.0
0,37.53846154000001
0,55.33333333000001
0,46.4
0,82.00414938
0,45.99999999999999
0,176.2
0,141.9642857
0,322.0
0,365.0
0,367.0
0,197.8333333
0,98.0
0,14.999999999999998
0,80.33333333
0,122.0
0,119.0
0,111.8
0,6.666666667
0,42.75
0,157.0
0,61.00000000000001
0,69.0
0,82.66666666999998
0,145.6666667
0,178.4285714
0,188.6666667
0,61.2
0,68.16666667
0,80.0
0,92.5
0,53.33333333
0,28.25
0,59.0
0,110.62500000000001
0,23.44117647
0,151.7777778
0,54.00000000000001
0,33.33333333
0,81.0
0,38.00000000000001
0,16.0
0,79.11111111
0,149.6
0,64.51851851999999
0,26.66666667
0,61.15384615
0,217.0
0,141.99999999999997
0,123.00000000000001
0,41.0
0,159.5
0,199.0
0,193.5
0,9.25
0,35.64285714
0,37.82608696
0,205.0
0,189.0
0,250.0
0,80.85714286
0,108.0
0,21.81818182
0,121.0
0,55.5
0,43.03846153999999
0,44.00000000000001
0,21.0
0,42.93421053000001
0,36.5
0,60.99999999999999
0,73.9
0,41.5
0,89.0
0,272.0
0,133.4
0,127.0
0,281.0
0,19.0
0,65.55319149
0,30.666666670000005
0,18.75
0,64.0
0,29.6
0,99.0
0,127.00000000000001
0,185.5
0,121.50000000000001
0,106.25000000000001
0,56.0
0,53.5
0,188.0
0,115.49999999999999
0,30.0
0,81.75
0,63.0
0,93.20000000000002
0,152.0
0,180.00000000000003
0,135.00000000000003
0,44.0
0,17.0
0,47.0
0,57.5
0,24.0
0,16.0
0,206.0
0,67.33333333
0,87.24999999999999
0,65.5
0,208.0
0,156.99999999999997
0,115.6666667
0,19.0
382,112.08333330000002
383,208.00000000000003
384,210.0
385,59.75
386,181.0
386,0.0
387,66.25
388,64.5
389,54.5
390,112.99999999999999
391,442.6666667
392,144.5
393,173.99999999999997
394,152.0
395,54.50000000000001
396,45.0
397,29.0
398,96.15789474
399,53.5
400,61.0
401,8.25
402,105.5
403,165.0
404,107.99999999999999
405,37.125
406,127.0
407,54.5
408,64.0
409,40.0
410,56.900000000000006
411,102.25000000000001
412,34.0
413,29.999999999999996
414,41.0
415,37.0
416,36.0
417,78.71428571
418,100.3333333
419,96.0
420,89.0
421,46.375
422,31.75
423,9.333333333
424,48.99999999999999
425,10.428571430000002
426,43.0
427,19.42857143
428,24.714285709999995
429,141.0
430,139.0
431,72.35714285999998
432,40.5
433,55.33333333000001
434,71.0
435,39.0
436,54.0
437,56.33333333
438,62.5
439,165.0
440,183.0
441,189.49999999999997
442,128.0
443,73.0
444,307.0
445,71.0
446,25.0
447,61.0
448,57.99999999999999
449,20.0
450,18.0
451,157.75
452,159.00000000000003
453,82.0
454,153.0
455,36.0
456,85.5
457,89.74999999999999
458,53.0
459,48.0
460,48.0
461,15.333333329999999
462,26.33333333
463,27.0
464,15.66666667
465,56.193548390000004
466,86.125
467,114.33333330000002
468,132.5555556
469,112.50000000000001
470,101.3
470,0.0
471,4.733333333
472,72.71428571
473,63.59090908999999
474,12.468749999999998
475,133.0
476,6.379310345
477,86.54545455
478,68.89655172
479,76.0
480,74.72727273
481,46.99999999999999
482,97.14285714
483,19.0
484,43.25
485,56.25
486,61.64912281
487,56.26086957
488,93.66666667
489,60.0
490,16.90909091
491,64.69565217
492,15.000000000000002
493,38.44444444
494,118.25
495,23.0
496,144.5
497,22.0
498,38.8
499,60.50000000000001
500,108.36363639999999
501,93.125
0,0.0
0,102.0
0,113.0
3,232.5
4,46.08333333
0,91.0
6,69.0
7,210.5
8,89.5
9,21.0
10,21.0
0,21.0
12,19.0
0,27.000000000000004
14,27.0
15,229.2
0,54.5
0,163.0
18,123.09090909999999
0,180.6666667
0,0.0
0,53.0
22,31.230769229999996
23,128.2
0,62.88461538
25,2.0
0,64.875
27,34.0
0,121.5
29,53.0
30,27.66666667
31,39.85714286
0,96.0
0,44.0
34,24.999999999999996
0,379.0
0,126.0
0,0.0
0,50.0
0,107.0
0,43.74825175
40,46.28571429
41,32.0
42,45.33333333
0,77.0
44,109.85714289999999
45,103.6666667
46,38.66666667
0,72.0
48,61.5
49,52.7
0,31.0
51,132.0
52,38.0
53,8.0
0,11.18181818
0,0.0
0,118.4666667
57,22.000000000000004
58,39.0
0,273.33333329999994
60,38.0
0,13.666666669999998
0,214.99999999999997
0,216.0
0,113.0
65,29.0
0,272.0
67,23.0
68,220.0
0,447.99999999999994
0,595.0
0,604.0
0,350.00000000000006
0,27.0
74,19.0
0,16.75
0,41.99999999999999
77,239.99999999999997
0,181.8
0,85.5
80,139.0
0,174.00000000000003
0,348.0
83,34.875
0,40.5
85,84.66666667
0,207.6666667
0,52.16666666999999
88,56.8
89,0.0
0,3.0
91,12.0
0,108.6666667
0,67.71428571
93,0.0
93,0.0
0,0.0
93,0.0
0,0.0
93,0.0
93,0.0
93,0.0
0,0.0
93,0.0
0,0.0
0,0.0
93,0.0
0,0.0
0,0.0
93,0.0
0,0.0
0,0.0
93,0.0
0,0.0
0,0.0
0,0.0
93,0.0
0,0.0
0,0.0
93,0.0
0,0.0
93,0.0
0,0.0
0,0.0
93,0.0
93,0.0
0,0.0
0,0.0
0,0.0
0,0.0
0,0.0
0,0.0
0,0.0
0,0.0
93,0.0
0,0.0
93,0.0
93,0.0
93,0.0
0,0.0
0,0.0
94,0.0
0,0.0
0,0.0
94,0.0
94,0.0
0,0.0
0,0.0
94,0.0
0,0.0
0,0.0
0,0.0
0,0.0
94,0.0
94,0.0
94,0.0
94,0.0
0,0.0
0,0.0
0,0.0
0,0.0
0,0.0
0,0.0
0,0.0
94,0.0
0,0.0
0,0.0
94,0.0
0,0.0
0,0.0
0,0.0
0,0.0
94,0.0
0,0.0
94,0.0
0,0.0
0,0.0
0,0.0
0,0.0
94,0.0
0,0.0
0,0.0
0,0.0
0,0.0
0,0.0
0,0.0
0,0.0
94,0.0
94,0.0
94,0.0
0,0.0
0,0.0
0,0.0
0,0.0
0,0.0
0,0.0
0,0.0
0,0.0
94,0.0
94,0.0
0,0.0
0,0.0
0,0.0
94,0.0
0,0.0
0,0.0
0,0.0
0,0.0
0,0.0
0,0.0
0,0.0
0,0.0
0,0.0
0,0.0
0,0.0
0,0.0
0,0.0
94,0.0
94,0.0
0,0.0
0,0.0
0,0.0
0,0.0
0,0.0
0,0.0
94,0.0
0,0.0
0,0.0
94,0.0
94,0.0
0,0.0
94,0.0
0,0.0
0,0.0
0,0.0
0,0.0
0,0.0
0,0.0
0,0.0
0,0.0
0,0.0
0,0.0
0,0.0
0,0.0
0,0.0
0,0.0
0,0.0
0,0.0
0,0.0
0,0.0
0,0.0
0,0.0
0,0.0
0,0.0
0,0.0
0,0.0
0,0.0
0,0.0
0,0.0
0,0.0
0,0.0
0,148.0
0,0.0
95,0.0
0,0.0
0,0.0
0,0.0
0,0.0
0,0.0
96,0.0
0,0.0
0,0.0
0,0.0
0,0.0
0,0.0
0,0.0
0,0.0
96,0.0
0,0.0
0,0.0
0,0.0
0,0.0
0,0.0
0,0.0
96,0.0
0,0.0
0,0.0
0,0.0
0,0.0
0,17.75
0,0.0
0,0.0
0,0.0
0,0.0
0,0.0
0,0.0
0,0.0
0,0.0
0,0.0
97,0.0
0,0.0
97,0.0
0,0.0
0,0.0
0,0.0
0,0.0
0,0.0
0,0.0
0,0.0
0,0.0
0,0.0
0,0.0
0,0.0
0,0.0
0,0.0
0,0.0
0,0.0
0,0.0
0,0.0
0,0.0
0,0.0
0,0.0
0,198.5
0,0.0
0,0.0
0,0.0
0,0.0
0,0.0
98,0.0
0,0.0
98,0.0
0,0.0
0,0.0
98,0.0
98,0.0
0,0.0
98,0.0
0,0.0
98,0.0
0,0.0
0,0.0
0,0.0
0,0.0
0,0.0
0,0.0
0,0.0
0,0.0
0,0.0
0,0.0
98,0.0
98,0.0
0,0.0
0,0.0
0,0.0
0,0.0
0,0.0
0,0.0
0,0.0
0,0.0
0,0.0
0,0.0
0,0.0
0,0.0
0,0.0
0,0.0
0,0.0
0,0.0
0,0.0
0,0.0
0,0.0
0,0.0
0,0.0
98,0.0
0,0.0
0,0.0
0,0.0
0,0.0
0,0.0
0,0.0
0,0.0
0,0.0
0,0.0
0,0.0
0,0.0
0,0.0
0,0.0
0,0.0
98,0.0
0,0.0
0,0.0
0,0.0
0,0.0
0,0.0
0,0.0
0,0.0
0,0.0
0,0.0
0,0.0
0,0.0
0,0.0
0,0.0
0,0.0
98,0.0
0,0.0
0,0.0
0,0.0
0,0.0
0,0.0
0,0.0
0,0.0
0,0.0
0,0.0
0,0.0
0,0.0
0,0.0
0,0.0
0,0.0
0,0.0
0,0.0
0,0.0
0,0.0
0,0.0
0,0.0
0,0.0
0,0.0
0,0.0
0,0.0
0,0.0
0,0.0
0,0.0
0,0.0
0,0.0
0,0.0
0,0.0
0,0.0
0,0.0
0,0.0
0,0.0
0,0.0
0,0.0
0,0.0
0,0.0
0,0.0
0,0.0
0,0.0
0,0.0
0,0.0
0,0.0
0,0.0
0,0.0
0,0.0
0,384.0
0,0.0
0,0.0
0,0.0
0,0.0
0,0.0
99,0.0
0,0.0
99,0.0
0,0.0
0,0.0
0,0.0
0,0.0
0,0.0
0,0.0
0,0.0
0,0.0
0,0.0
0,0.0
0,0.0
0,0.0
0,0.0
0,0.0
0,0.0
0,0.0
0,0.0
0,0.0
0,0.0
0,0.0
0,0.0
0,0.0
0,0.0
0,0.0
0,0.0
0,0.0
0,0.0
0,0.0
0,0.0
0,0.0
0,0.0
0,0.0
0,0.0
0,0.0
0,0.0
0,0.0
0,0.0
0,0.0
0,0.0
0,803.9999999999999
0,0.0
0,0.0
0,0.0
0,0.0
0,0.0
0,0.0
0,0.0
0,0.0
0,0.0
0,0.0
0,0.0
0,0.0
0,0.0
0,0.0
0,0.0
0,0.0
0,0.0
0,0.0
0,0.0
0,0.0
0,0.0
0,0.0
0,38.33333333
101,0.0
0,0.0
0,0.0
0,0.0
0,0.0
0,0.0
0,0.0
0,0.0
0,0.0
0,0.0
0,0.0
0,0.0
0,0.0
101,0.0
0,0.0
101,0.0
0,0.0
0,0.0
0,0.0
0,0.0
101,0.0
0,0.0
0,0.0
0,0.0
0,0.0
0,0.0
0,0.0
0,0.0
0,0.0
0,0.0
0,0.0
0,0.0
101,0.0
0,0.0
0,0.0
0,0.0
0,0.0
0,0.0
0,0.0
0,0.0
101,0.0
0,0.0
0,0.0
0,0.0
0,0.0
0,0.0
0,0.0
0,0.0
0,0.0
0,0.0
0,0.0
0,0.0
0,0.0
0,0.0
0,0.0
0,0.0
0,0.0
0,0.0
0,0.0
101,0.0
0,0.0
0,0.0
0,0.0
0,0.0
0,0.0
0,0.0
0,0.0
0,0.0
0,0.0
0,0.0
0,92.0
0,0.0
0,34.66666667
0,44.0
0,66.0
0,169.49999999999997
0,52.99999999999999
0,146.99999999999997
0,0.0
0,30.0
0,260.5
0,177.57142860000002
0,285.8571429
0,115.0
114,123.25000000000001
0,143.00000000000003
0,283.0
0,357.0
0,201.1666667
0,120.0
0,110.5
0,117.7142857
0,231.0
0,135.0
0,119.2
0,154.0
0,214.00000000000003
0,602.0000000000001
0,325.0
0,649.0
0,354.0
0,25.5
0,19.09090909
0,51.0
0,56.93023256
0,115.83333330000002
0,99.01265823
0,31.72
0,109.5066667
0,82.875
140,181.5
0,33.0
0,115.4482759
0,34.0
0,17.66666667
0,101.0930233
0,7.500000000000001
0,32.9
0,122.0
0,37.88888889
0,38.4
0,70.14285714
0,71.69230769
0,264.0
0,259.0
0,104.5
0,11.0
0,103.5
158,66.88888889
0,48.93333333
0,48.99999999999999
0,76.72727273
0,93.83333333
0,198.00000000000003
0,99.78465347
0,129.4361702
0,75.60000000000001
0,47.15384615
0,35.33333333
0,38.22222222
0,91.59999999999998
0,146.5
0,18.66666667
0,91.21428571000001
0,33.5
0,45.33333333
0,130.7916667
0,106.20000000000002
0,107.4
0,182.00000000000003
0,141.60000000000002
0,52.0
0,49.75000000000001
0,65.66666667
184,57.20000000000001
0,156.40000000000003
0,117.0
0,57.66666666999999
0,43.64179104
0,56.0
0,275.0
0,45.99999999999999
0,26.25
0,32.16666667
194,61.8
0,105.08333329999999
0,108.5
0,70.03846154
0,139.75000000000003
0,54.66666667
0,78.625
0,143.0
0,36.90909091
0,45.33333333000001
0,104.30921050000002
0,29.499999999999996
0,50.74999999999999
0,29.625
208,117.0
0,77.1
0,80.5
0,26.500000000000004
0,67.62463343
0,18.0
0,38.85714286
0,20.0
0,45.0
0,31.0
0,48.0
0,24.66666667
0,13.499999999999998
0,82.625
0,189.0
0,44.66666667
0,27.0
0,27.0
0,13.000000000000002
0,37.49999999999999
0,113.79999999999998
0,37.66666667
0,33.88888889
0,38.0
0,16.0
0,698.5
0,96.63636364000001
0,129.6666667
0,142.0
0,63.00000000000001
0,76.49999999999999
0,103.19999999999999
0,100.55555559999999
0,123.99999999999999
0,72.25000000000001
0,349.1666667
0,62.84090909
0,5.0
0,103.99999999999999
0,22.999999999999996
0,10.0
0,34.625
0,33.0
0,1002.9999999999999
0,78.0
0,69.4
0,20.5
0,42.4
0,65.0
0,25.4
0,18.999999999999996
0,144.3333333
0,45.4516129
0,135.1818182
0,25.88888889
0,26.0
0,29.63636364
0,211.8
0,28.0
0,32.99999999999999
0,130.7
0,20.0
0,37.53846154
0,55.33333333
0,46.39999999999999
0,82.00414938
0,46.00000000000001
0,176.2
0,141.9642857
0,322.0
0,365.0
0,367.0
0,197.83333329999996
0,98.0
0,15.0
0,80.33333333
0,122.00000000000001
0,119.0
0,111.79999999999998
0,6.666666666999999
0,42.75
0,157.0
0,60.99999999999999
0,69.0
0,82.66666667
0,145.6666667
0,178.42857139999998
0,188.6666667
0,61.20000000000001
0,68.16666667000001
0,80.0
0,92.5
0,53.33333333
0,28.25
0,59.0
0,110.625
0,23.44117647
0,151.7777778
0,53.99999999999999
0,33.33333333
0,81.0
0,38.0
0,16.0
0,79.11111111
0,149.6
0,64.51851852
0,26.666666670000005
0,61.15384615
0,217.0
0,142.0
0,122.99999999999999
0,41.0
0,159.5
0,199.0
0,193.50000000000003
0,9.25
0,35.64285714
0,37.82608696
0,204.99999999999997
0,189.0
0,250.0
0,80.85714285999998
0,108.0
0,21.81818182
0,121.0
0,55.5
0,43.03846154
0,44.0
0,21.0
0,42.93421053
0,36.5
0,60.99999999999999
0,73.9
0,41.50000000000001
0,89.0
0,272.0
0,133.4
0,127.0
0,281.0
0,19.0
0,65.55319149
0,30.666666669999998
0,18.75
0,64.0
0,29.6
0,99.0
0,127.00000000000001
0,185.5
0,121.50000000000001
0,106.25
0,56.0
0,53.5
0,187.99999999999997
0,115.5
0,30.0
0,81.75
0,63.0
0,93.2
0,152.0
0,180.0
0,135.0
0,44.0
0,17.0
0,47.00000000000001
0,57.5
0,24.0
0,15.999999999999998
0,206.0
0,67.33333333
0,87.25
0,65.5
0,208.0
0,157.0
0,115.6666667
0,19.0
383,112.08333329999999
384,208.0
385,210.00000000000003
386,59.75
387,181.0
387,0.0
388,66.25
389,64.5
390,54.5
391,113.00000000000001
392,442.66666670000006
393,144.5
394,174.0
395,152.0
396,54.5
397,45.0
398,29.0
399,96.15789474000002
400,53.5
401,60.99999999999999
402,8.25
403,105.49999999999999
404,165.0
405,108.0
406,37.125
407,126.99999999999999
408,54.5
409,64.0
410,40.0
411,56.900000000000006
412,102.25
413,34.0
414,30.0
415,41.00000000000001
416,36.99999999999999
417,35.99999999999999
418,78.71428570999998
419,100.33333330000002
420,96.0
421,88.99999999999999
422,46.37499999999999
423,31.75
424,9.333333333
425,49.0
426,10.42857143
427,43.0
428,19.42857143
429,24.71428571
430,140.99999999999997
431,139.0
432,72.35714286
433,40.5
434,55.33333333000001
435,71.0
436,39.0
437,53.99999999999999
438,56.33333333000001
439,62.5
440,165.0
441,183.0
442,189.5
443,127.99999999999999
444,73.0
445,307.0
446,71.0
447,25.000000000000004
448,60.99999999999999
449,58.00000000000001
450,20.0
451,18.0
452,157.75
453,159.0
454,82.00000000000001
455,153.0
456,36.00000000000001
457,85.5
458,89.75
459,53.00000000000001
460,48.0
461,48.00000000000001
462,15.333333329999999
463,26.333333330000002
464,26.999999999999996
465,15.66666667
466,56.19354838999999
467,86.125
468,114.3333333
469,132.5555556
470,112.49999999999999
471,101.3
471,0.0
472,4.733333333
473,72.71428571
474,63.59090908999999
475,12.46875
476,133.0
477,6.379310345
478,86.54545455
479,68.89655172
480,76.0
481,74.72727273
482,47.0
483,97.14285714000002
484,19.0
485,43.25
486,56.24999999999999
487,61.64912281000001
488,56.26086957
489,93.66666666999998
490,60.00000000000001
491,16.90909091
492,64.69565217
493,15.0
494,38.44444444
495,118.24999999999999
496,23.0
497,144.5
498,22.0
499,38.8
500,60.50000000000001
501,108.3636364
502,93.125
0,0.0
0,102.0
0,113.0
3,232.5
4,46.08333333
0,91.0
6,69.0
7,210.5
8,89.5
9,21.0
10,21.0
0,21.0
12,19.0
0,27.000000000000004
14,27.0
15,229.2
0,54.5
0,163.0
18,123.09090909999999
0,180.6666667
0,0.0
0,53.0
22,31.230769229999996
23,128.2
0,62.88461538
25,2.0
0,64.875
27,34.0
0,121.5
29,53.0
30,27.66666667
31,39.85714286
0,96.0
0,44.0
34,24.999999999999996
0,379.0
0,126.0
0,0.0
0,50.0
0,107.0
0,43.74825175
40,46.28571429
41,32.0
42,45.33333333
0,77.0
44,109.85714289999999
45,103.6666667
46,38.66666667
0,72.0
48,61.5
49,52.7
0,31.0
51,132.0
52,38.0
53,8.0
0,11.18181818
0,0.0
0,118.4666667
57,22.000000000000004
58,39.0
0,273.33333329999994
60,38.0
0,13.666666669999998
0,214.99999999999997
0,216.0
0,113.0
65,29.0
0,272.0
67,23.0
68,220.0
0,447.99999999999994
0,595.0
0,604.0
0,350.00000000000006
0,27.0
74,19.0
0,16.75
0,41.99999999999999
77,239.99999999999997
0,181.8
0,85.5
80,139.0
0,174.00000000000003
0,348.0
83,34.875
0,40.5
85,84.66666667
0,207.6666667
0,52.16666666999999
88,56.8
89,0.0
0,3.0
91,12.0
0,108.6666667
0,0.0
92,0.0
92,0.0
0,0.0
92,0.0
0,0.0
92,0.0
92,0.0
92,0.0
0,0.0
92,0.0
0,0.0
0,0.0
92,0.0
0,0.0
0,0.0
92,0.0
0,0.0
0,0.0
92,0.0
0,0.0
0,12.999999999999998
0,0.0
93,0.0
0,0.0
0,0.0
93,0.0
0,0.0
93,0.0
0,0.0
0,0.0
93,0.0
93,0.0
0,0.0
0,0.0
0,0.0
0,0.0
0,0.0
0,0.0
0,0.0
0,0.0
93,0.0
0,0.0
93,0.0
93,0.0
93,0.0
0,0.0
0,0.0
94,0.0
0,0.0
0,0.0
94,0.0
94,0.0
0,0.0
0,0.0
94,0.0
0,0.0
0,0.0
0,0.0
0,0.0
94,0.0
94,0.0
94,0.0
94,0.0
0,0.0
0,0.0
0,0.0
0,0.0
0,0.0
0,0.0
0,0.0
94,0.0
0,0.0
0,0.0
94,0.0
0,0.0
0,0.0
0,0.0
0,0.0
94,0.0
0,0.0
94,0.0
0,0.0
0,0.0
0,0.0
0,0.0
94,0.0
0,0.0
0,0.0
0,0.0
0,0.0
0,0.0
0,0.0
0,0.0
94,0.0
94,0.0
94,0.0
0,0.0
0,0.0
0,0.0
0,0.0
0,0.0
0,0.0
0,0.0
0,0.0
94,0.0
94,0.0
0,0.0
0,0.0
0,0.0
94,0.0
0,0.0
0,0.0
0,0.0
0,0.0
0,0.0
0,0.0
0,0.0
0,0.0
0,0.0
0,0.0
0,0.0
0,0.0
0,0.0
94,0.0
94,0.0
0,0.0
0,0.0
0,0.0
0,0.0
0,0.0
0,0.0
94,0.0
0,0.0
0,0.0
94,0.0
94,0.0
0,0.0
94,0.0
0,0.0
0,0.0
0,0.0
0,0.0
0,0.0
0,0.0
0,0.0
0,0.0
0,0.0
0,0.0
0,0.0
0,0.0
0,0.0
0,0.0
0,0.0
0,0.0
0,0.0
0,0.0
0,0.0
0,0.0
0,0.0
0,0.0
0,0.0
0,0.0
0,0.0
0,0.0
0,0.0
0,0.0
0,0.0
0,148.0
0,0.0
95,0.0
0,0.0
0,0.0
0,0.0
0,0.0
0,0.0
96,0.0
0,0.0
0,0.0
0,0.0
0,0.0
0,0.0
0,0.0
0,0.0
96,0.0
0,0.0
0,0.0
0,0.0
0,0.0
0,0.0
0,13.75
97,0.0
0,0.0
0,0.0
0,0.0
0,0.0
0,0.0
0,0.0
0,0.0
0,0.0
0,0.0
0,0.0
0,0.0
0,0.0
0,0.0
0,0.0
97,0.0
0,0.0
97,0.0
0,0.0
0,0.0
0,0.0
0,0.0
0,0.0
0,0.0
0,0.0
0,0.0
0,0.0
0,0.0
0,0.0
0,0.0
0,0.0
0,0.0
0,0.0
0,0.0
0,0.0
0,0.0
0,0.0
0,0.0
0,198.5
0,0.0
0,0.0
0,0.0
0,0.0
0,0.0
98,0.0
0,0.0
98,0.0
0,0.0
0,0.0
98,0.0
98,0.0
0,0.0
98,0.0
0,0.0
98,0.0
0,0.0
0,0.0
0,0.0
0,0.0
0,0.0
0,0.0
0,0.0
0,0.0
0,0.0
0,0.0
98,0.0
98,0.0
0,0.0
0,0.0
0,0.0
0,0.0
0,0.0
0,0.0
0,0.0
0,0.0
0,0.0
0,0.0
0,0.0
0,0.0
0,0.0
0,0.0
0,0.0
0,0.0
0,0.0
0,0.0
0,0.0
0,0.0
0,0.0
98,0.0
0,0.0
0,0.0
0,0.0
0,0.0
0,0.0
0,0.0
0,0.0
0,0.0
0,0.0
0,0.0
0,0.0
0,0.0
0,0.0
0,0.0
98,0.0
0,0.0
0,0.0
0,0.0
0,0.0
0,0.0
0,0.0
0,0.0
0,0.0
0,0.0
0,0.0
0,0.0
0,0.0
0,0.0
0,0.0
98,0.0
0,0.0
0,0.0
0,0.0
0,0.0
0,0.0
0,0.0
0,0.0
0,0.0
0,0.0
0,0.0
0,0.0
0,0.0
0,0.0
0,0.0
0,0.0
0,0.0
0,0.0
0,0.0
0,0.0
0,0.0
0,0.0
0,0.0
0,0.0
0,0.0
0,0.0
0,0.0
0,0.0
0,0.0
0,0.0
0,0.0
0,0.0
0,0.0
0,0.0
0,0.0
0,0.0
0,0.0
0,0.0
0,0.0
0,0.0
0,0.0
0,0.0
0,0.0
0,0.0
0,0.0
0,0.0
0,0.0
0,0.0
0,0.0
0,384.0
0,0.0
0,0.0
0,0.0
0,0.0
0,0.0
99,0.0
0,0.0
99,0.0
0,0.0
0,44.99999999999999
0,0.0
0,0.0
0,0.0
0,0.0
0,0.0
0,0.0
0,0.0
0,0.0
0,0.0
0,0.0
0,0.0
0,0.0
0,0.0
0,0.0
0,0.0
0,0.0
0,0.0
0,0.0
0,0.0
0,0.0
0,0.0
0,0.0
0,0.0
0,0.0
0,0.0
0,0.0
0,0.0
0,0.0
0,0.0
0,0.0
0,0.0
0,0.0
0,0.0
0,0.0
0,0.0
0,0.0
0,0.0
0,803.9999999999999
0,0.0
0,0.0
0,0.0
0,0.0
0,0.0
0,0.0
0,0.0
0,0.0
0,0.0
0,0.0
0,0.0
0,0.0
0,0.0
0,0.0
0,0.0
0,0.0
0,0.0
0,0.0
0,0.0
0,0.0
0,0.0
0,0.0
0,38.33333333
102,0.0
0,0.0
0,0.0
0,0.0
0,0.0
0,0.0
0,0.0
0,0.0
0,0.0
0,0.0
0,0.0
0,0.0
0,0.0
102,0.0
0,0.0
102,0.0
0,0.0
0,0.0
0,0.0
0,0.0
102,0.0
0,0.0
0,0.0
0,0.0
0,0.0
0,0.0
0,0.0
0,0.0
0,0.0
0,0.0
0,0.0
0,0.0
102,0.0
0,0.0
0,0.0
0,0.0
0,0.0
0,0.0
0,0.0
0,0.0
102,0.0
0,0.0
0,0.0
0,0.0
0,0.0
0,0.0
0,0.0
0,0.0
0,0.0
0,0.0
0,0.0
0,0.0
0,0.0
0,0.0
0,0.0
0,0.0
0,0.0
0,0.0
0,0.0
102,0.0
0,0.0
0,0.0
0,0.0
0,0.0
0,0.0
0,0.0
0,0.0
0,0.0
0,0.0
0,0.0
0,92.0
0,0.0
0,34.66666667
0,44.0
0,66.00000000000001
0,169.5
0,53.0
0,147.0
0,116.5
0,29.999999999999996
0,260.5
0,177.5714286
0,285.8571429
0,115.0
116,123.25
0,142.99999999999997
0,283.0
0,357.0
0,201.16666669999998
0,120.0
0,110.5
0,117.7142857
0,231.0
0,135.0
0,119.2
0,154.0
0,214.00000000000003
0,602.0
0,325.0
0,649.0
0,354.0
0,25.5
0,19.09090909
0,51.0
0,56.93023256
0,115.83333329999999
0,99.01265823
0,31.72
0,109.5066667
0,82.875
142,181.5
0,33.0
0,115.4482759
0,34.0
0,17.66666667
0,101.09302329999998
0,7.499999999999999
0,32.9
0,122.0
0,37.888888890000004
0,38.4
0,70.14285714
0,71.69230769
0,264.0
0,259.0
0,104.5
0,11.0
0,103.50000000000001
160,66.88888889
0,48.93333333
0,49.0
0,76.72727273
0,93.83333333
0,198.0
0,99.78465347
0,129.4361702
0,75.6
0,47.15384615
0,35.33333333
0,38.22222221999999
0,91.59999999999998
0,146.5
0,18.666666669999998
0,91.21428571
0,33.5
0,45.33333333
0,130.7916667
0,106.2
0,107.4
0,181.99999999999997
0,141.6
0,52.0
0,49.75
0,65.66666667
186,57.2
0,156.4
0,116.99999999999999
0,57.66666666999999
0,43.64179104
0,56.00000000000001
0,275.0
0,46.0
0,26.25
0,32.16666667
196,61.800000000000004
0,105.0833333
0,108.49999999999999
0,70.03846154
0,139.75
0,54.66666666999999
0,78.625
0,143.0
0,36.90909091
0,45.33333333
0,104.30921049999999
0,29.5
0,50.75
0,29.625
210,117.0
0,77.1
0,80.5
0,26.499999999999996
0,67.62463343
0,18.0
0,38.85714286
0,20.0
0,45.0
0,31.0
0,48.00000000000001
0,24.666666669999998
0,13.5
0,82.625
0,189.0
0,44.66666667
0,27.0
0,27.000000000000004
0,13.0
0,37.5
0,113.80000000000001
0,37.666666670000005
0,33.88888889
0,38.0
0,16.0
0,0.0
0,96.63636364
0,129.66666670000004
0,142.0
0,63.0
0,76.5
0,103.2
0,100.5555556
0,123.99999999999999
0,72.25
0,349.1666667
0,62.84090909
0,5.0
0,104.0
0,23.0
0,10.0
0,34.625
0,33.0
0,1002.9999999999999
0,78.0
0,69.4
0,20.499999999999996
0,42.4
0,65.0
0,25.400000000000002
0,18.999999999999996
0,144.3333333
0,45.45161290000001
0,135.1818182
0,25.88888889
0,26.000000000000004
0,29.636363639999995
0,211.8
0,27.999999999999996
0,33.0
0,130.7
0,20.0
0,37.53846154
0,55.33333333
0,46.4
0,82.00414938
0,46.0
0,176.20000000000002
0,141.9642857
0,322.00000000000006
0,365.0
0,367.0
0,197.8333333
0,98.0
0,15.0
0,80.33333333
0,122.00000000000001
0,119.0
0,111.8
0,6.666666667
0,42.75
0,157.0
0,61.0
0,69.0
0,82.66666667
0,145.6666667
0,178.4285714
0,188.6666667
0,61.20000000000001
0,68.16666667
0,80.0
0,92.49999999999999
0,53.333333329999995
0,28.249999999999996
0,59.00000000000001
0,110.625
0,23.44117647
0,151.77777780000002
0,54.0
0,33.33333333
0,0.0
0,38.0
0,16.0
0,79.11111111
0,149.6
0,64.51851852
0,26.666666670000005
0,61.15384615
0,217.0
0,142.0
0,122.99999999999999
0,41.0
0,159.5
0,199.0
0,193.50000000000003
0,9.25
0,35.64285714
0,37.82608696
0,204.99999999999997
0,189.0
0,250.0
0,80.85714285999998
0,108.0
0,21.81818182
0,121.0
0,55.5
0,43.03846154
0,44.0
0,21.0
0,42.93421053
0,36.5
0,60.99999999999999
0,73.9
0,41.50000000000001
0,89.0
0,272.0
0,133.4
0,127.0
0,281.0
0,19.0
0,65.55319149
0,30.666666669999998
0,18.75
0,64.0
0,29.6
0,99.0
0,127.00000000000001
0,185.5
0,121.50000000000001
0,106.25
0,56.0
0,53.5
0,187.99999999999997
0,115.5
0,30.0
0,81.75
0,63.0
0,93.2
0,152.0
0,180.0
0,135.0
0,44.0
0,17.0
0,47.00000000000001
0,57.5
0,24.0
0,15.999999999999998
0,206.0
0,67.33333333
0,87.25
0,65.5
0,208.0
0,157.0
0,115.6666667
0,19.0
383,112.08333329999999
384,208.0
385,210.00000000000003
386,59.75
387,181.0
387,0.0
388,66.25
389,64.5
390,54.5
391,113.00000000000001
392,442.66666670000006
393,144.5
394,174.0
395,152.0
396,54.5
397,45.0
398,29.0
399,96.15789474000002
400,53.5
401,60.99999999999999
402,8.25
403,105.49999999999999
404,165.0
405,108.0
406,37.125
407,126.99999999999999
408,54.5
409,64.0
410,40.0
411,56.900000000000006
412,102.25
413,34.0
414,30.0
415,41.00000000000001
416,36.99999999999999
417,35.99999999999999
418,78.71428570999998
419,100.33333330000002
420,96.0
421,88.99999999999999
422,46.37499999999999
423,31.75
424,9.333333333
425,49.0
426,10.42857143
427,43.0
428,19.42857143
429,24.71428571
430,140.99999999999997
431,139.0
432,72.35714286
433,40.5
434,55.33333333000001
435,71.0
436,39.0
437,53.99999999999999
438,56.33333333000001
439,62.5
440,165.0
441,183.0
442,189.5
443,127.99999999999999
444,73.0
445,307.0
446,71.0
447,25.000000000000004
448,60.99999999999999
449,58.00000000000001
450,20.0
451,18.0
452,157.75
453,159.0
454,82.00000000000001
455,153.0
456,36.00000000000001
457,85.5
458,89.75
459,53.00000000000001
460,48.0
461,48.00000000000001
462,15.333333329999999
463,26.333333330000002
464,26.999999999999996
465,15.66666667
466,56.19354838999999
467,86.125
468,114.3333333
469,132.5555556
470,112.49999999999999
471,101.3
471,0.0
472,4.733333333
473,72.71428571
474,63.59090908999999
475,12.46875
476,133.0
477,6.379310345
478,86.54545455
479,68.89655172
480,76.0
481,74.72727273
482,47.0
483,97.14285714000002
484,19.0
485,43.25
486,56.24999999999999
487,61.64912281000001
488,56.26086957
489,93.66666666999998
490,60.00000000000001
491,16.90909091
492,64.69565217
493,15.0
494,38.44444444
495,118.24999999999999
496,23.0
497,144.5
498,22.0
499,38.8
500,60.50000000000001
501,108.3636364
502,93.125
0,0.0
0,102.0
0,113.0
3,232.5
4,46.08333333
0,91.0
6,69.0
7,210.5
8,89.5
9,21.0
10,21.0
0,21.0
12,19.0
0,27.000000000000004
14,27.0
15,229.2
0,54.5
0,163.0
18,123.09090909999999
0,0.0
0,0.0
0,53.0
21,31.23076923
22,128.2
0,62.88461538
24,2.0
0,64.875
26,34.0
0,121.5
28,53.0
29,27.666666670000005
30,39.85714286
0,96.0
0,44.0
33,25.0
0,379.0
0,125.99999999999999
0,0.0
0,50.0
0,107.00000000000001
0,43.74825175
39,46.28571429
40,32.0
41,45.33333333
0,77.0
43,109.8571429
44,103.6666667
45,38.66666667
0,72.0
47,61.49999999999999
48,52.7
0,31.0
50,132.0
51,38.0
52,8.0
0,11.18181818
0,0.0
0,118.46666670000002
56,22.0
57,39.0
0,273.3333333
59,38.0
0,13.66666667
0,215.0
0,216.0
0,113.0
64,29.0
0,272.0
66,23.0
67,219.99999999999997
0,448.00000000000006
0,595.0
0,604.0
0,350.00000000000006
0,27.0
73,19.0
0,16.75
0,41.99999999999999
76,240.0
0,181.8
0,85.50000000000001
79,139.0
0,174.0
0,348.00000000000006
82,34.875
0,40.5
84,84.66666667
0,207.66666670000004
0,52.16666667
87,56.8
88,0.0
0,3.0
90,12.0
0,108.6666667
0,67.71428570999998
92,0.0
92,0.0
0,0.0
92,0.0
0,0.0
92,0.0
92,0.0
92,0.0
0,0.0
92,0.0
0,0.0
0,0.0
92,0.0
0,0.0
0,0.0
92,0.0
0,0.0
0,0.0
92,0.0
0,0.0
0,0.0
0,0.0
92,0.0
0,0.0
0,0.0
92,0.0
0,0.0
92,0.0
0,0.0
0,0.0
92,0.0
92,0.0
0,0.0
0,0.0
0,0.0
0,0.0
0,0.0
0,0.0
0,0.0
0,0.0
92,0.0
0,0.0
92,0.0
92,0.0
92,0.0
0,0.0
0,0.0
93,0.0
0,0.0
0,0.0
93,0.0
93,0.0
0,0.0
0,0.0
93,0.0
0,0.0
0,0.0
0,0.0
0,0.0
93,0.0
93,0.0
93,0.0
93,0.0
0,0.0
0,0.0
0,0.0
0,0.0
0,0.0
0,0.0
0,0.0
93,0.0
0,0.0
0,0.0
93,0.0
0,0.0
0,126.59999999999998
0,0.0
0,0.0
94,0.0
0,0.0
94,0.0
0,0.0
0,0.0
0,0.0
0,0.0
94,0.0
0,0.0
0,0.0
0,0.0
0,0.0
0,0.0
0,0.0
0,0.0
94,0.0
94,0.0
94,0.0
0,0.0
0,0.0
0,0.0
0,0.0
0,0.0
0,0.0
0,0.0
0,0.0
94,0.0
94,0.0
0,0.0
0,0.0
0,0.0
94,0.0
0,0.0
0,0.0
0,0.0
0,0.0
0,0.0
0,0.0
0,0.0
0,0.0
0,0.0
0,0.0
0,0.0
0,0.0
0,0.0
94,0.0
94,0.0
0,0.0
0,0.0
0,0.0
0,0.0
0,0.0
0,0.0
94,0.0
0,0.0
0,0.0
94,0.0
94,0.0
0,0.0
94,0.0
0,0.0
0,0.0
0,0.0
0,0.0
0,0.0
0,0.0
0,0.0
0,0.0
0,0.0
0,0.0
0,0.0
0,0.0
0,0.0
0,0.0
0,0.0
0,0.0
0,0.0
0,0.0
0,0.0
0,0.0
0,60.5
0,0.0
0,0.0
0,0.0
0,0.0
0,0.0
0,0.0
0,0.0
0,0.0
0,148.0
0,0.0
96,0.0
0,0.0
0,0.0
0,0.0
0,0.0
0,0.0
97,0.0
0,0.0
0,0.0
0,0.0
0,0.0
0,0.0
0,0.0
0,0.0
97,0.0
0,0.0
0,0.0
0,0.0
0,0.0
0,0.0
0,0.0
97,0.0
0,0.0
0,0.0
0,0.0
0,0.0
0,0.0
0,0.0
0,0.0
0,0.0
0,0.0
0,0.0
0,0.0
0,0.0
0,0.0
0,0.0
97,0.0
0,0.0
97,0.0
0,0.0
0,0.0
0,0.0
0,0.0
0,0.0
0,0.0
0,0.0
0,0.0
0,0.0
0,0.0
0,0.0
0,0.0
0,0.0
0,0.0
0,0.0
0,0.0
0,0.0
0,0.0
0,0.0
0,0.0
0,198.5
0,0.0
0,0.0
0,0.0
0,0.0
0,0.0
98,0.0
0,0.0
98,0.0
0,0.0
0,0.0
98,0.0
98,0.0
0,0.0
98,0.0
0,0.0
98,0.0
0,0.0
0,0.0
0,0.0
0,0.0
0,0.0
0,0.0
0,0.0
0,0.0
0,0.0
0,0.0
98,0.0
98,0.0
0,0.0
0,0.0
0,0.0
0,0.0
0,0.0
0,0.0
0,0.0
0,0.0
0,0.0
0,0.0
0,0.0
0,0.0
0,0.0
0,0.0
0,0.0
0,0.0
0,0.0
0,0.0
0,0.0
0,0.0
0,0.0
98,0.0
0,0.0
0,0.0
0,0.0
0,0.0
0,0.0
0,0.0
0,0.0
0,0.0
0,0.0
0,0.0
0,0.0
0,0.0
0,0.0
0,0.0
98,0.0
0,0.0
0,0.0
0,0.0
0,0.0
0,0.0
0,0.0
0,0.0
0,0.0
0,0.0
0,0.0
0,0.0
0,0.0
0,0.0
0,0.0
98,0.0
0,0.0
0,0.0
0,0.0
0,0.0
0,0.0
0,0.0
0,0.0
0,0.0
0,0.0
0,0.0
0,0.0
0,0.0
0,0.0
0,0.0
0,0.0
0,0.0
0,0.0
0,0.0
0,0.0
0,0.0
0,0.0
0,0.0
0,0.0
0,0.0
0,0.0
0,0.0
0,0.0
0,0.0
0,0.0
0,0.0
0,0.0
0,0.0
0,0.0
0,0.0
0,0.0
0,0.0
0,0.0
0,0.0
0,0.0
0,0.0
0,0.0
0,0.0
0,0.0
0,0.0
0,0.0
0,0.0
0,0.0
0,0.0
0,384.0
0,0.0
0,0.0
0,0.0
0,0.0
0,0.0
99,0.0
0,0.0
99,0.0
0,0.0
0,0.0
0,0.0
0,0.0
0,0.0
0,0.0
0,0.0
0,0.0
0,0.0
0,0.0
0,0.0
0,0.0
0,0.0
0,0.0
0,0.0
0,0.0
0,0.0
0,0.0
0,0.0
0,0.0
0,0.0
0,0.0
0,0.0
0,0.0
0,0.0
0,0.0
0,0.0
0,0.0
0,0.0
0,0.0
0,0.0
0,0.0
0,0.0
0,0.0
0,0.0
0,0.0
0,0.0
0,0.0
0,0.0
0,803.9999999999999
0,0.0
0,0.0
0,0.0
0,0.0
0,0.0
0,0.0
0,0.0
0,0.0
0,0.0
0,0.0
0,0.0
0,0.0
0,0.0
0,0.0
0,0.0
0,0.0
0,0.0
0,0.0
0,0.0
0,0.0
0,0.0
0,0.0
0,38.33333333
101,0.0
0,0.0
0,0.0
0,0.0
0,0.0
0,0.0
0,0.0
0,0.0
0,0.0
0,0.0
0,0.0
0,0.0
0,0.0
101,0.0
0,0.0
101,0.0
0,0.0
0,0.0
0,0.0
0,0.0
101,0.0
0,0.0
0,0.0
0,0.0
0,0.0
0,0.0
0,0.0
0,0.0
0,0.0
0,0.0
0,0.0
0,0.0
102,55.0
0,0.0
0,0.0
0,0.0
0,0.0
0,0.0
0,0.0
0,0.0
102,0.0
0,0.0
0,0.0
0,0.0
0,0.0
0,0.0
0,0.0
0,0.0
0,0.0
0,0.0
0,0.0
0,0.0
0,0.0
0,0.0
0,0.0
0,0.0
0,0.0
0,0.0
0,0.0
102,0.0
0,0.0
0,0.0
0,0.0
0,0.0
0,0.0
0,0.0
0,0.0
0,0.0
0,0.0
0,0.0
0,92.0
0,0.0
0,0.0
0,44.0
0,66.0
0,169.49999999999997
0,52.99999999999999
0,146.99999999999997
0,116.49999999999999
0,30.000000000000004
0,260.5
0,177.5714286
0,285.8571429
0,115.0
115,123.24999999999999
0,143.0
0,283.0
0,357.0
0,201.1666667
0,120.0
0,110.5
0,117.71428569999999
0,231.0
0,135.0
0,119.19999999999999
0,153.99999999999997
0,214.0
0,602.0
0,325.0
0,649.0
0,354.00000000000006
0,25.5
0,19.090909089999997
0,51.0
0,56.93023256
0,115.8333333
0,99.01265823
0,31.719999999999995
0,109.50666669999998
0,82.875
141,181.50000000000003
0,33.0
0,115.44827589999998
0,34.0
0,17.66666667
0,101.0930233
0,7.499999999999999
0,32.9
0,122.0
0,37.88888889
0,38.4
0,70.14285714
0,71.69230769
0,264.0
0,259.0
0,104.49999999999999
0,11.0
0,103.50000000000001
159,66.88888889
0,48.93333333
0,49.0
0,76.72727273
0,93.83333333
0,198.0
0,99.78465347000001
0,0.0
0,75.60000000000001
0,47.15384615
0,35.33333333
0,38.22222222
0,91.59999999999998
0,146.5
0,18.66666667
0,91.21428571000001
0,33.5
0,45.33333333
0,130.7916667
0,106.20000000000002
0,107.4
0,182.00000000000003
0,141.60000000000002
0,52.0
0,49.75000000000001
0,65.66666667
184,57.20000000000001
0,156.40000000000003
0,117.0
0,57.66666666999999
0,0.0
0,56.0
0,275.0
0,46.00000000000001
0,26.25
0,32.16666667
193,61.8
0,105.0833333
0,108.5
0,70.03846154
0,139.75000000000003
0,54.66666667
0,78.625
0,143.00000000000003
0,36.90909091
0,45.333333329999995
0,104.3092105
0,29.499999999999996
0,50.75
0,29.625
207,117.00000000000001
0,77.1
0,80.5
0,26.5
0,67.62463343
0,18.0
0,38.85714286
0,20.000000000000004
0,45.0
0,31.0
0,48.0
0,24.666666669999998
0,13.5
0,82.62500000000001
0,189.0
0,44.66666667
0,27.0
0,27.0
0,13.000000000000002
0,37.5
0,113.79999999999998
0,37.666666670000005
0,33.888888890000004
0,38.00000000000001
0,16.0
0,698.5
0,96.63636364000001
0,129.6666667
0,142.0
0,63.0
0,76.5
0,103.19999999999999
0,100.55555560000002
0,123.99999999999999
0,72.25
0,349.1666667
0,62.840909090000004
0,0.0
0,104.0
0,23.0
0,10.0
0,34.625
0,33.0
0,1003.0000000000001
0,78.0
0,69.4
0,20.5
0,42.4
0,65.0
0,25.4
0,19.0
0,144.3333333
0,45.4516129
0,135.1818182
0,25.88888889
0,26.000000000000004
0,29.636363640000003
0,211.8
0,28.0
0,32.99999999999999
0,130.7
0,20.0
0,37.53846154
0,55.333333329999995
0,46.4
0,82.00414938
0,46.0
0,176.2
0,141.9642857
0,322.0
0,365.0
0,367.0
0,197.8333333
0,98.0
0,15.0
0,80.33333333
0,121.99999999999999
0,119.0
0,111.8
0,6.666666667000001
0,42.75
0,156.99999999999997
0,61.0
0,69.0
0,82.66666667
0,145.6666667
0,178.4285714
0,188.6666667
0,61.2
0,68.16666667
0,79.99999999999999
0,92.49999999999999
0,53.33333333
0,28.250000000000004
0,59.00000000000001
0,110.62500000000001
0,23.441176470000002
0,151.7777778
0,54.0
0,33.33333333
0,81.0
0,38.0
0,16.0
0,79.11111111
0,149.6
0,64.51851852
0,26.66666667
0,61.15384615
0,217.00000000000003
0,0.0
0,123.0
0,41.0
0,159.5
0,199.0
0,193.5
0,9.25
0,35.64285714
0,37.82608696
0,205.0
0,189.0
0,249.99999999999997
0,80.85714286
0,108.0
0,21.81818182
0,120.99999999999999
0,55.5
0,43.03846154
0,43.99999999999999
0,20.999999999999996
0,42.93421053
0,36.5
0,61.0
0,73.90000000000002
0,41.5
0,89.0
0,272.0
0,133.4
0,127.0
0,281.0
0,19.0
0,65.55319149
0,30.666666669999998
0,18.75
0,64.0
0,29.6
0,99.0
0,127.0
0,185.5
0,121.50000000000001
0,106.25
0,55.99999999999999
0,53.5
0,188.0
0,115.50000000000001
0,30.0
0,81.75
0,63.0
0,93.2
0,152.0
0,180.0
0,135.0
0,44.0
0,17.0
0,47.00000000000001
0,57.49999999999999
0,24.0
0,16.0
0,205.99999999999997
0,67.33333333
0,87.25
0,65.5
0,208.0
0,157.0
0,115.6666667
0,19.000000000000004
380,112.0833333
381,208.0
382,210.0
383,59.75
384,181.0
384,0.0
385,66.25
386,64.5
387,54.50000000000001
388,113.00000000000001
389,442.6666667
390,144.5
391,174.0
392,152.0
393,54.49999999999999
394,45.0
395,28.999999999999996
396,96.15789474
397,53.5
398,61.0
399,8.25
400,105.5
401,165.0
402,108.0
403,37.12500000000001
404,127.0
405,54.49999999999999
406,64.0
407,40.0
408,56.9
409,102.25
410,34.0
411,30.000000000000004
412,41.0
413,37.0
414,36.0
415,78.71428570999998
416,100.3333333
417,96.0
418,88.99999999999999
419,46.375
420,31.750000000000004
421,9.333333333
422,49.0
423,10.42857143
424,43.0
425,19.428571430000005
426,24.71428571
427,141.0
428,139.0
429,72.35714286
430,40.50000000000001
431,55.33333333
432,71.0
433,39.0
434,54.00000000000001
435,56.333333329999995
436,62.5
437,165.0
438,183.0
439,189.5
440,128.0
441,73.0
442,307.0
443,71.0
444,24.999999999999996
445,61.0
446,58.00000000000001
447,19.999999999999996
448,18.0
449,157.75000000000003
450,159.0
451,82.0
452,153.0
453,35.99999999999999
454,85.5
455,89.75
456,53.0
457,48.0
458,48.00000000000001
459,15.333333330000002
460,26.33333333
461,27.000000000000004
462,15.66666667
463,56.19354839
464,86.125
465,114.3333333
466,132.5555556
467,112.5
468,101.3
468,0.0
469,4.733333333
470,72.71428571
471,63.59090908999999
472,12.468750000000002
473,133.0
474,6.379310345000001
475,86.54545455
476,68.89655172
477,76.0
478,74.72727273
479,47.0
480,97.14285714
481,19.0
482,43.25
483,56.25000000000001
484,61.649122809999994
485,56.26086957
486,93.66666667
487,60.0
488,16.90909091
489,64.69565217
490,15.000000000000002
491,38.44444444
492,118.25
493,23.0
494,144.5
495,22.0
496,38.8
497,60.49999999999999
498,108.36363640000002
499,93.12499999999999
0,0.0
0,102.0
0,113.0
3,232.5
4,46.08333333
0,91.0
6,69.0
7,210.5
8,89.5
9,21.0
10,21.0
0,21.0
12,19.0
0,27.000000000000004
14,27.0
15,229.2
0,54.5
0,163.0
18,123.09090909999999
0,180.6666667
0,0.0
0,53.0
22,31.230769229999996
23,128.2
0,62.88461538
25,2.0
0,64.875
27,34.0
0,121.5
29,53.0
30,27.66666667
31,39.85714286
0,96.0
0,44.0
34,24.999999999999996
0,379.0
0,126.0
0,0.0
0,50.0
0,107.0
0,43.74825175
40,46.28571429
41,32.0
42,45.33333333
0,77.0
44,109.85714289999999
45,103.6666667
46,38.66666667
0,72.0
48,61.5
49,52.7
0,31.0
51,132.0
52,38.0
53,8.0
0,11.18181818
0,0.0
0,118.4666667
57,22.000000000000004
58,39.0
0,273.33333329999994
60,38.0
0,13.666666669999998
0,214.99999999999997
0,216.0
0,113.0
65,29.0
0,272.0
67,23.0
68,220.0
0,447.99999999999994
0,595.0
0,604.0
0,350.00000000000006
0,27.0
74,19.0
0,16.75
0,41.99999999999999
77,239.99999999999997
0,181.8
0,85.5
80,139.0
0,174.00000000000003
0,348.0
83,34.875
0,40.5
85,84.66666667
0,207.6666667
0,52.16666666999999
88,56.8
89,0.0
0,3.0
91,12.0
0,108.6666667
0,67.71428571
93,0.0
93,0.0
0,0.0
93,0.0
0,0.0
93,0.0
93,0.0
93,0.0
0,0.0
93,0.0
0,0.0
0,0.0
93,0.0
0,0.0
0,0.0
93,0.0
0,0.0
0,0.0
93,0.0
0,0.0
0,0.0
0,0.0
93,0.0
0,0.0
0,0.0
93,0.0
0,0.0
93,0.0
0,0.0
0,0.0
93,0.0
93,0.0
0,0.0
0,0.0
0,0.0
0,0.0
0,0.0
0,0.0
0,0.0
0,0.0
93,0.0
0,0.0
93,0.0
93,0.0
93,0.0
0,0.0
0,0.0
94,0.0
0,0.0
0,0.0
94,0.0
94,0.0
0,0.0
0,0.0
94,0.0
0,0.0
0,0.0
0,0.0
0,0.0
94,0.0
94,0.0
94,0.0
94,0.0
0,0.0
0,0.0
0,0.0
0,0.0
0,0.0
0,0.0
0,0.0
94,0.0
0,0.0
0,0.0
94,0.0
0,0.0
0,0.0
0,0.0
0,0.0
94,0.0
0,0.0
94,0.0
0,0.0
0,0.0
0,0.0
0,0.0
94,0.0
0,0.0
0,0.0
0,0.0
0,0.0
0,0.0
0,0.0
0,0.0
94,0.0
94,0.0
94,0.0
0,0.0
0,0.0
0,0.0
0,0.0
0,0.0
0,0.0
0,0.0
0,0.0
94,0.0
94,0.0
0,0.0
0,0.0
0,0.0
94,0.0
0,0.0
0,0.0
0,0.0
0,0.0
0,0.0
0,0.0
0,0.0
0,0.0
0,0.0
0,0.0
0,0.0
0,0.0
0,0.0
94,0.0
94,0.0
0,0.0
0,0.0
0,0.0
0,0.0
0,0.0
0,0.0
94,0.0
0,0.0
0,0.0
94,0.0
94,0.0
0,0.0
94,0.0
0,0.0
0,0.0
0,0.0
0,0.0
0,0.0
0,0.0
0,0.0
0,0.0
0,0.0
0,0.0
0,0.0
0,0.0
0,0.0
0,0.0
0,0.0
0,0.0
0,0.0
0,0.0
0,0.0
0,0.0
0,0.0
0,0.0
0,0.0
0,0.0
0,0.0
0,0.0
0,0.0
0,0.0
0,0.0
0,148.0
0,0.0
95,0.0
0,0.0
0,0.0
0,0.0
0,0.0
0,0.0
96,0.0
0,0.0
0,0.0
0,0.0
0,0.0
0,0.0
0,0.0
0,0.0
96,0.0
0,0.0
0,0.0
0,0.0
0,0.0
0,0.0
0,0.0
96,0.0
0,0.0
0,0.0
0,0.0
0,0.0
0,0.0
0,0.0
0,0.0
0,0.0
0,0.0
0,0.0
0,0.0
0,0.0
0,0.0
0,0.0
96,0.0
0,0.0
96,0.0
0,0.0
0,0.0
0,0.0
0,0.0
0,0.0
0,0.0
0,0.0
0,0.0
0,0.0
0,0.0
0,0.0
0,0.0
0,0.0
0,0.0
0,0.0
0,0.0
0,0.0
0,0.0
0,0.0
0,0.0
0,198.50000000000003
0,0.0
0,0.0
0,0.0
0,0.0
0,0.0
97,0.0
0,0.0
97,0.0
0,0.0
0,0.0
97,0.0
97,0.0
0,0.0
97,0.0
0,0.0
97,0.0
0,0.0
0,0.0
0,0.0
0,0.0
0,0.0
0,0.0
0,0.0
0,0.0
0,0.0
0,0.0
97,0.0
97,0.0
0,0.0
0,0.0
0,0.0
0,0.0
0,0.0
0,0.0
0,0.0
0,0.0
0,0.0
0,0.0
0,0.0
0,0.0
0,0.0
0,0.0
0,0.0
0,0.0
0,0.0
0,0.0
0,0.0
0,0.0
0,0.0
97,0.0
0,0.0
0,0.0
0,0.0
0,0.0
0,0.0
0,0.0
0,0.0
0,0.0
0,0.0
0,0.0
0,0.0
0,0.0
0,0.0
0,0.0
97,0.0
0,0.0
0,0.0
0,0.0
0,0.0
0,0.0
0,0.0
0,0.0
0,0.0
0,0.0
0,0.0
0,0.0
0,0.0
0,0.0
0,0.0
97,0.0
0,0.0
0,0.0
0,0.0
0,0.0
0,0.0
0,0.0
0,0.0
0,0.0
0,0.0
0,0.0
0,0.0
0,0.0
0,0.0
0,0.0
0,0.0
0,0.0
0,0.0
0,0.0
0,0.0
0,0.0
0,0.0
0,0.0
0,0.0
0,0.0
0,0.0
0,0.0
0,0.0
0,0.0
0,0.0
0,0.0
0,0.0
0,0.0
0,0.0
0,0.0
0,0.0
0,0.0
0,0.0
0,0.0
0,0.0
0,0.0
0,0.0
0,0.0
0,0.0
0,0.0
0,0.0
0,0.0
0,0.0
0,0.0
0,384.00000000000006
0,0.0
0,0.0
0,0.0
0,0.0
0,0.0
99,87.0
0,0.0
99,0.0
0,0.0
0,0.0
0,0.0
0,0.0
0,0.0
0,0.0
0,0.0
0,0.0
0,0.0
0,0.0
0,0.0
0,0.0
0,0.0
0,0.0
0,0.0
0,0.0
0,0.0
0,0.0
0,0.0
0,0.0
0,0.0
0,0.0
0,0.0
0,0.0
0,0.0
0,0.0
0,0.0
0,0.0
0,0.0
0,0.0
0,0.0
0,0.0
0,0.0
0,0.0
0,0.0
0,0.0
0,0.0
0,0.0
0,0.0
0,803.9999999999999
0,0.0
0,0.0
0,0.0
0,0.0
0,0.0
0,0.0
0,0.0
0,0.0
0,0.0
0,0.0
0,0.0
0,0.0
0,0.0
0,0.0
0,0.0
0,0.0
0,0.0
0,0.0
0,0.0
0,0.0
0,0.0
0,0.0
0,38.33333333
101,0.0
0,0.0
0,0.0
0,0.0
0,104.79999999999998
0,0.0
0,0.0
0,0.0
0,0.0
0,0.0
0,0.0
0,0.0
0,0.0
102,0.0
0,0.0
102,0.0
0,0.0
0,0.0
0,0.0
0,0.0
102,0.0
0,0.0
0,0.0
0,0.0
0,0.0
0,0.0
0,0.0
0,0.0
0,0.0
0,0.0
0,0.0
0,0.0
102,0.0
0,0.0
0,0.0
0,0.0
0,0.0
0,0.0
0,0.0
0,0.0
102,0.0
0,0.0
0,0.0
0,0.0
0,0.0
0,0.0
0,0.0
0,0.0
0,0.0
0,0.0
0,0.0
0,0.0
0,0.0
0,0.0
0,0.0
0,0.0
0,0.0
0,0.0
0,0.0
102,0.0
0,0.0
0,0.0
0,0.0
0,0.0
0,0.0
0,0.0
0,0.0
0,0.0
0,0.0
0,0.0
0,92.0
0,0.0
0,34.66666667
0,44.0
0,66.00000000000001
0,169.5
0,53.0
0,147.0
0,116.5
0,29.999999999999996
0,260.5
0,177.5714286
0,285.8571429
0,115.0
116,123.25
0,142.99999999999997
0,283.0
0,357.0
0,201.16666669999998
0,120.0
0,110.5
0,117.7142857
0,231.0
0,135.0
0,119.2
0,154.0
0,214.00000000000003
0,602.0
0,325.0
0,649.0
0,354.0
0,25.5
0,19.09090909
0,51.0
0,56.93023256
0,115.83333329999999
0,99.01265823
0,31.72
0,109.5066667
0,82.875
142,181.5
0,33.0
0,115.4482759
0,34.0
0,17.66666667
0,101.09302329999998
0,7.499999999999999
0,32.9
0,122.0
0,37.888888890000004
0,38.4
0,70.14285714
0,71.69230769
0,264.0
0,259.0
0,104.5
0,11.0
0,103.50000000000001
160,66.88888889
0,48.93333333
0,49.0
0,76.72727273
0,93.83333333
0,198.0
0,99.78465347
0,129.4361702
0,75.6
0,47.15384615
0,35.33333333
0,38.22222221999999
0,91.59999999999998
0,146.5
0,18.666666669999998
0,91.21428571
0,33.5
0,45.33333333
0,130.7916667
0,106.2
0,107.4
0,181.99999999999997
0,141.6
0,52.0
0,49.75
0,65.66666667
186,57.2
0,156.4
0,116.99999999999999
0,57.66666666999999
0,43.64179104
0,56.00000000000001
0,275.0
0,46.0
0,26.25
0,32.16666667
196,61.800000000000004
0,105.0833333
0,108.49999999999999
0,70.03846154
0,139.75
0,54.66666666999999
0,78.625
0,143.0
0,36.90909091
0,45.33333333
0,104.30921049999999
0,29.5
0,50.75
0,29.625
210,117.0
0,77.1
0,80.5
0,26.499999999999996
0,67.62463343
0,18.0
0,38.85714286
0,20.0
0,45.0
0,31.0
0,48.00000000000001
0,24.666666669999998
0,13.5
0,82.625
0,189.0
0,44.66666667
0,27.0
0,27.000000000000004
0,13.0
0,37.5
0,113.80000000000001
0,37.666666670000005
0,33.88888889
0,38.0
0,16.0
0,698.5
0,96.63636364
0,129.6666667
0,142.0
0,63.00000000000001
0,76.5
0,103.19999999999999
0,100.55555559999999
0,124.0
0,72.25000000000001
0,349.1666667
0,62.84090909
0,5.0
0,104.0
0,23.000000000000004
0,10.0
0,34.625
0,33.0
0,1002.9999999999999
0,78.0
0,69.4
0,20.5
0,42.4
0,65.0
0,25.399999999999995
0,19.0
0,144.3333333
0,45.4516129
0,135.18181820000004
0,25.888888889999997
0,26.0
0,29.636363639999995
0,211.8
0,28.0
0,33.0
0,130.7
0,20.0
0,37.53846154
0,55.33333333
0,46.4
0,82.00414938
0,46.0
0,176.2
0,141.9642857
0,322.0
0,365.0
0,367.00000000000006
0,197.8333333
0,97.99999999999999
0,15.0
0,80.33333333
0,122.0
0,119.00000000000001
0,111.8
0,6.666666667
0,42.75
0,157.0
0,61.0
0,69.0
0,82.66666666999998
0,145.6666667
0,178.4285714
0,188.6666667
0,61.20000000000001
0,68.16666667
0,80.0
0,92.5
0,53.33333333
0,28.25
0,59.00000000000001
0,110.625
0,23.44117647
0,151.7777778
0,54.0
0,33.333333329999995
0,81.0
0,38.0
0,16.0
0,79.11111111
0,149.6
0,64.51851852
0,26.66666667
0,61.15384615000001
0,217.0
0,142.00000000000003
0,123.0
0,41.00000000000001
0,159.5
0,199.0
0,193.5
0,9.25
0,35.64285714
0,37.82608696
0,205.0
0,189.00000000000003
0,250.0
0,80.85714286
0,108.0
0,21.818181819999996
0,120.99999999999999
0,55.50000000000001
0,43.03846153999999
0,44.00000000000001
0,21.0
0,42.93421053
0,36.5
0,61.0
0,73.9
0,41.5
0,89.0
0,272.0
0,133.4
0,127.0
0,281.0
0,19.0
0,65.55319149
0,30.66666667
0,0.0
0,64.0
0,29.6
0,99.00000000000001
0,127.00000000000001
0,185.5
0,121.49999999999999
0,106.24999999999999
0,56.0
0,53.5
0,188.0
0,115.5
0,30.0
0,81.75
0,63.00000000000001
0,93.2
0,152.0
0,180.00000000000003
0,135.0
0,44.0
0,17.0
0,47.0
0,57.5
0,23.999999999999996
0,16.0
0,206.0
0,67.33333333
0,87.25
0,65.5
0,208.0
0,156.99999999999997
0,115.6666667
0,19.0
384,112.0833333
385,207.99999999999997
386,210.00000000000003
387,59.75
388,181.0
388,0.0
389,66.25
390,64.5
391,54.50000000000001
392,113.0
393,442.66666669999995
394,144.5
395,174.0
396,152.0
397,54.5
398,44.99999999999999
399,29.0
400,96.15789474
401,53.49999999999999
402,61.0
403,8.25
404,105.5
405,165.0
406,108.0
407,37.125
408,127.0
409,54.5
410,64.0
411,40.0
412,56.900000000000006
413,102.25
414,34.0
415,30.0
416,41.0
417,37.0
418,36.0
419,78.71428571
420,100.3333333
421,95.99999999999999
422,89.0
423,46.375
424,31.75
425,9.333333333
426,49.0
427,10.42857143
428,43.0
429,19.42857143
430,24.71428571
431,141.0
432,139.0
433,72.35714285999998
434,40.5
435,55.33333333
436,71.0
437,39.0
438,54.0
439,56.33333333
440,62.50000000000001
441,165.0
442,183.0
443,189.5
444,128.0
445,73.0
446,307.0
447,71.0
448,25.0
449,61.0
450,58.0
451,20.0
452,18.0
453,157.75
454,159.0
455,82.0
456,153.0
457,36.0
458,85.5
459,89.75
460,52.99999999999999
461,48.00000000000001
462,48.0
463,15.33333333
464,26.33333333
465,27.0
466,15.666666670000001
467,56.193548390000004
468,86.125
469,114.3333333
470,132.5555556
471,112.5
472,101.3
472,0.0
473,4.733333333
474,72.71428571
475,63.59090909
476,12.46875
477,133.00000000000003
478,6.379310345
479,86.54545455
480,68.89655172
481,76.0
482,74.72727273
483,47.00000000000001
484,97.14285714
485,19.0
486,43.25000000000001
487,56.25
488,61.64912281
489,56.26086957
490,93.66666667
491,60.0
492,16.90909091
493,64.69565216999999
494,15.000000000000002
495,38.44444444
496,118.24999999999999
497,23.0
498,144.5
499,21.999999999999996
500,38.800000000000004
501,60.5
502,108.3636364
503,93.12500000000001
0,0.0
0,102.0
0,113.0
3,232.5
4,46.08333333
0,91.0
6,69.0
7,210.5
8,89.5
9,21.0
10,21.0
0,21.0
12,19.0
0,27.000000000000004
14,27.0
15,229.2
0,54.5
0,163.0
18,123.09090909999999
0,180.6666667
0,0.0
0,53.0
22,31.230769229999996
23,128.2
0,62.88461538
25,2.0
0,64.875
27,34.0
0,121.5
29,53.0
30,27.66666667
31,39.85714286
0,96.0
0,44.0
34,24.999999999999996
0,379.0
0,126.0
0,0.0
0,50.0
0,107.0
0,43.74825175
40,46.28571429
41,32.0
42,45.33333333
0,77.0
44,109.85714289999999
45,103.6666667
46,38.66666667
0,72.0
48,61.5
49,52.7
0,31.0
51,132.0
52,38.0
53,8.0
0,11.18181818
0,0.0
0,118.4666667
57,22.000000000000004
58,39.0
0,273.33333329999994
60,38.0
0,13.666666669999998
0,214.99999999999997
0,216.0
0,113.0
65,29.0
0,272.0
67,23.0
68,220.0
0,447.99999999999994
0,595.0
0,604.0
0,350.00000000000006
0,27.0
74,19.0
0,16.75
0,41.99999999999999
77,239.99999999999997
0,181.8
0,85.5
80,139.0
0,174.00000000000003
0,348.0
83,34.875
0,40.5
85,84.66666667
0,207.6666667
0,52.16666666999999
88,56.8
89,0.0
0,3.0
91,12.0
0,108.6666667
0,67.71428571
93,0.0
93,0.0
0,0.0
93,0.0
0,0.0
93,0.0
93,0.0
93,0.0
0,0.0
93,0.0
0,0.0
0,0.0
93,0.0
0,0.0
0,0.0
93,0.0
0,0.0
0,0.0
93,0.0
0,0.0
0,0.0
0,0.0
93,0.0
0,0.0
0,0.0
93,0.0
0,0.0
93,0.0
0,0.0
0,0.0
93,0.0
93,0.0
0,0.0
0,0.0
0,0.0
0,0.0
0,0.0
0,0.0
0,339.0
0,0.0
94,0.0
0,0.0
94,0.0
94,0.0
94,0.0
0,0.0
0,0.0
95,0.0
0,0.0
0,0.0
95,0.0
95,0.0
0,0.0
0,0.0
95,0.0
0,0.0
0,0.0
0,0.0
0,0.0
95,0.0
95,0.0
95,0.0
95,0.0
0,0.0
0,0.0
0,0.0
0,0.0
0,0.0
0,0.0
0,0.0
95,0.0
0,0.0
0,0.0
95,0.0
0,0.0
0,0.0
0,0.0
0,0.0
95,0.0
0,0.0
95,0.0
0,0.0
0,0.0
0,0.0
0,0.0
95,0.0
0,0.0
0,0.0
0,0.0
0,0.0
0,0.0
0,0.0
0,0.0
95,0.0
95,0.0
95,0.0
0,0.0
0,0.0
0,0.0
0,0.0
0,0.0
0,0.0
0,0.0
0,0.0
95,0.0
95,0.0
0,0.0
0,0.0
0,0.0
95,0.0
0,0.0
0,0.0
0,0.0
0,0.0
0,0.0
0,0.0
0,0.0
0,0.0
0,0.0
0,0.0
0,0.0
0,0.0
0,0.0
95,0.0
95,0.0
0,0.0
0,0.0
0,0.0
0,0.0
0,0.0
0,0.0
95,0.0
0,0.0
0,0.0
95,0.0
95,0.0
0,0.0
95,0.0
0,0.0
0,0.0
0,0.0
0,0.0
0,0.0
0,0.0
0,0.0
0,0.0
0,0.0
0,0.0
0,0.0
0,0.0
0,0.0
0,0.0
0,0.0
0,0.0
0,0.0
0,0.0
0,0.0
0,0.0
0,0.0
0,0.0
0,0.0
0,0.0
0,0.0
0,0.0
0,0.0
0,0.0
0,0.0
0,148.0
0,0.0
96,0.0
0,0.0
0,0.0
0,0.0
0,0.0
0,0.0
97,0.0
0,0.0
0,0.0
0,0.0
0,0.0
0,0.0
0,0.0
0,0.0
97,0.0
0,0.0
0,0.0
0,0.0
0,0.0
0,0.0
0,0.0
97,0.0
0,0.0
0,0.0
0,0.0
0,0.0
0,0.0
0,0.0
0,0.0
0,0.0
0,0.0
0,0.0
0,0.0
0,0.0
0,0.0
0,0.0
97,0.0
0,0.0
97,0.0
0,0.0
0,0.0
0,0.0
0,0.0
0,0.0
0,0.0
0,0.0
0,0.0
0,0.0
0,0.0
0,0.0
0,0.0
0,0.0
0,0.0
0,0.0
0,0.0
0,0.0
0,0.0
0,0.0
0,0.0
0,198.5
0,0.0
0,0.0
0,0.0
0,0.0
0,0.0
98,0.0
0,0.0
98,0.0
0,0.0
0,0.0
98,0.0
98,0.0
0,0.0
98,0.0
0,0.0
98,0.0
0,0.0
0,0.0
0,0.0
0,0.0
0,0.0
0,0.0
0,0.0
0,0.0
0,0.0
0,0.0
98,0.0
98,0.0
0,0.0
0,0.0
0,0.0
0,0.0
0,0.0
0,0.0
0,0.0
0,0.0
0,0.0
0,0.0
0,0.0
0,0.0
0,0.0
0,0.0
0,0.0
0,0.0
0,0.0
0,0.0
0,0.0
0,0.0
0,0.0
98,0.0
0,0.0
0,0.0
0,0.0
0,0.0
0,0.0
0,0.0
0,0.0
0,0.0
0,0.0
0,0.0
0,0.0
0,0.0
0,0.0
0,0.0
98,0.0
0,0.0
0,0.0
0,0.0
0,0.0
0,0.0
0,0.0
0,0.0
0,0.0
0,0.0
0,0.0
0,0.0
0,0.0
0,0.0
0,0.0
98,0.0
0,0.0
0,0.0
0,0.0
0,0.0
0,0.0
0,0.0
0,0.0
0,0.0
0,0.0
0,0.0
0,0.0
0,0.0
0,0.0
0,0.0
0,0.0
0,0.0
0,0.0
0,0.0
0,0.0
0,0.0
0,0.0
0,0.0
0,0.0
0,0.0
0,0.0
0,0.0
0,0.0
0,0.0
0,0.0
0,0.0
0,0.0
0,0.0
0,0.0
0,0.0
0,0.0
0,0.0
0,0.0
0,0.0
0,0.0
0,0.0
0,0.0
0,0.0
0,0.0
0,0.0
0,0.0
0,0.0
0,0.0
0,0.0
0,384.0
0,0.0
0,0.0
0,0.0
0,0.0
0,0.0
99,0.0
0,0.0
99,0.0
0,0.0
0,0.0
0,0.0
0,0.0
0,0.0
0,0.0
0,0.0
0,0.0
0,0.0
0,0.0
0,0.0
0,0.0
0,0.0
0,0.0
0,0.0
0,0.0
0,0.0
0,0.0
0,0.0
0,0.0
0,0.0
0,0.0
0,0.0
0,0.0
0,0.0
0,0.0
0,0.0
0,0.0
0,0.0
0,0.0
0,0.0
0,0.0
0,0.0
0,0.0
0,0.0
0,0.0
0,0.0
0,0.0
0,0.0
0,803.9999999999999
0,0.0
0,0.0
0,0.0
0,0.0
0,0.0
0,0.0
0,0.0
0,0.0
0,0.0
0,0.0
0,0.0
0,0.0
0,0.0
0,0.0
0,0.0
0,0.0
0,0.0
0,0.0
0,0.0
0,0.0
0,0.0
0,0.0
0,38.33333333
101,0.0
0,0.0
0,0.0
0,0.0
0,0.0
0,0.0
0,0.0
0,0.0
0,0.0
0,0.0
0,0.0
0,0.0
0,0.0
101,0.0
0,0.0
101,0.0
0,0.0
0,0.0
0,0.0
0,0.0
101,0.0
0,0.0
0,0.0
0,0.0
0,0.0
0,0.0
0,0.0
0,0.0
0,0.0
0,0.0
0,0.0
0,0.0
101,0.0
0,0.0
0,0.0
0,0.0
0,0.0
0,0.0
0,0.0
0,0.0
101,0.0
0,0.0
0,0.0
0,0.0
0,0.0
0,0.0
0,0.0
0,0.0
0,0.0
0,0.0
0,0.0
0,0.0
0,0.0
0,0.0
0,0.0
0,0.0
0,0.0
0,0.0
0,0.0
101,0.0
0,0.0
0,0.0
0,0.0
0,0.0
0,0.0
0,0.0
0,0.0
0,0.0
0,0.0
0,0.0
0,0.0
0,0.0
0,34.66666667
0,44.0
0,66.00000000000001
0,169.5
0,53.0
0,147.0
0,116.5
0,30.0
0,260.5
0,177.57142860000002
0,285.8571429
0,115.0
114,123.25000000000001
0,143.00000000000003
0,283.0
0,357.0
0,201.1666667
0,120.0
0,110.5
0,117.7142857
0,231.0
0,135.0
0,119.2
0,154.0
0,214.00000000000003
0,602.0000000000001
0,325.0
0,649.0
0,354.0
0,25.5
0,19.09090909
0,51.0
0,56.93023256
0,115.83333330000002
0,99.01265823
0,31.72
0,109.5066667
0,82.875
140,181.5
0,33.0
0,115.4482759
0,34.0
0,17.66666667
0,101.0930233
0,7.500000000000001
0,32.9
0,122.0
0,37.88888889
0,38.4
0,70.14285714
0,71.69230769
0,264.0
0,259.0
0,104.5
0,11.0
0,103.5
158,66.88888889
0,48.93333333
0,48.99999999999999
0,76.72727273
0,93.83333333
0,198.00000000000003
0,99.78465347
0,129.4361702
0,75.60000000000001
0,47.15384615
0,35.33333333
0,38.22222222
0,91.59999999999998
0,146.5
0,18.66666667
0,91.21428571000001
0,33.5
0,45.33333333
0,130.7916667
0,106.20000000000002
0,107.4
0,182.00000000000003
0,141.60000000000002
0,52.0
0,49.75000000000001
0,65.66666667
184,57.20000000000001
0,156.40000000000003
0,117.0
0,57.66666666999999
0,43.64179104
0,56.0
0,275.0
0,45.99999999999999
0,26.25
0,32.16666667
194,61.8
0,105.08333329999999
0,108.5
0,70.03846154
0,139.75000000000003
0,54.66666667
0,78.625
0,143.0
0,36.90909091
0,45.33333333000001
0,104.30921050000002
0,29.499999999999996
0,50.74999999999999
0,29.625
208,117.0
0,77.1
0,80.5
0,26.500000000000004
0,67.62463343
0,18.0
0,38.85714286
0,20.0
0,45.0
0,31.0
0,48.0
0,24.66666667
0,13.499999999999998
0,82.625
0,189.0
0,44.66666667
0,27.0
0,27.0
0,13.000000000000002
0,37.49999999999999
0,113.79999999999998
0,37.66666667
0,33.88888889
0,38.0
0,16.0
0,698.5
0,96.63636364000001
0,129.6666667
0,142.0
0,63.00000000000001
0,76.49999999999999
0,103.19999999999999
0,100.55555559999999
0,123.99999999999999
0,72.25000000000001
0,349.1666667
0,62.84090909
0,5.0
0,103.99999999999999
0,22.999999999999996
0,10.0
0,34.625
0,0.0
0,1002.9999999999999
0,78.0
0,69.4
0,20.5
0,42.4
0,65.00000000000001
0,25.4
0,19.0
0,144.3333333
0,45.4516129
0,135.1818182
0,25.88888889
0,26.0
0,29.636363640000003
0,211.79999999999998
0,28.0
0,33.0
0,130.7
0,20.0
0,37.53846154000001
0,55.33333333000001
0,46.4
0,82.00414938
0,45.99999999999999
0,176.2
0,141.9642857
0,322.0
0,365.0
0,367.0
0,197.8333333
0,98.0
0,14.999999999999998
0,80.33333333
0,122.0
0,119.0
0,111.8
0,0.0
0,42.75
0,156.99999999999997
0,61.0
0,69.0
0,82.66666667
0,145.6666667
0,178.4285714
0,188.6666667
0,61.2
0,68.16666667
0,79.99999999999999
0,92.49999999999999
0,53.33333333
0,28.250000000000004
0,59.00000000000001
0,110.62500000000001
0,23.441176470000002
0,151.7777778
0,54.0
0,33.33333333
0,81.0
0,38.0
0,16.0
0,79.11111111
0,149.6
0,64.51851852
0,26.66666667
0,61.15384615
0,217.00000000000003
0,142.0
0,122.99999999999999
0,41.0
0,159.50000000000003
0,199.0
0,193.5
0,9.25
0,35.64285714
0,37.82608696
0,204.99999999999997
0,189.0
0,250.0
0,80.85714286
0,107.99999999999999
0,21.81818182
0,121.00000000000001
0,55.5
0,43.03846154
0,44.0
0,21.0
0,42.93421053000001
0,36.5
0,61.0
0,73.9
0,41.5
0,89.0
0,272.0
0,133.39999999999998
0,127.0
0,281.0
0,19.0
0,65.55319149
0,30.66666667
0,18.75
0,64.0
0,29.6
0,99.0
0,127.0
0,185.5
0,121.49999999999999
0,106.25
0,56.0
0,53.5
0,188.0
0,115.49999999999999
0,30.0
0,81.75
0,63.0
0,93.2
0,151.99999999999997
0,180.0
0,135.0
0,44.0
0,17.0
0,47.0
0,57.5
0,24.0
0,16.0
0,205.99999999999997
0,67.33333333
0,87.25
0,65.5
0,208.0
0,157.0
0,115.6666667
0,19.0
381,112.08333330000002
382,208.0
383,210.0
384,59.75
385,181.00000000000003
385,0.0
386,66.25
387,64.5
388,54.5
389,113.00000000000001
390,442.6666667
391,144.5
392,174.0
393,151.99999999999997
394,54.5
395,45.0
396,29.0
397,96.15789473999999
398,53.5
399,61.0
400,8.25
401,105.5
402,164.99999999999997
403,108.00000000000001
404,37.125
405,126.99999999999999
406,54.5
407,64.0
408,40.00000000000001
409,56.9
410,102.24999999999999
411,34.0
412,30.000000000000004
413,41.00000000000001
414,37.0
415,36.0
416,78.71428571000001
417,100.3333333
418,95.99999999999999
419,89.00000000000001
420,46.375
421,31.75
422,9.333333333
423,49.0
424,10.42857143
424,0.0
425,19.428571430000005
426,24.71428571
427,141.0
428,139.0
429,72.35714286
430,40.50000000000001
431,55.33333333
432,71.0
433,39.0
434,54.00000000000001
435,56.333333329999995
436,62.5
437,165.0
438,183.0
439,189.5
440,128.0
441,73.0
442,307.0
443,71.0
444,24.999999999999996
445,61.0
446,58.00000000000001
447,19.999999999999996
448,18.0
449,157.75000000000003
450,159.0
451,82.0
452,153.0
453,35.99999999999999
454,85.5
455,89.75
456,53.0
457,48.0
458,48.00000000000001
459,15.333333330000002
460,26.33333333
461,27.000000000000004
462,15.66666667
463,56.19354839
464,86.125
465,114.3333333
466,132.5555556
467,112.5
468,101.3
468,0.0
469,4.733333333
470,72.71428571
471,63.59090908999999
472,12.468750000000002
473,133.0
474,6.379310345000001
475,86.54545455
476,68.89655172
477,76.0
478,74.72727273
479,47.0
480,97.14285714
481,19.0
482,43.25
483,56.25000000000001
484,61.649122809999994
485,56.26086957
486,93.66666667
487,60.0
488,16.90909091
489,64.69565217
490,15.000000000000002
491,38.44444444
492,118.25
493,23.0
494,144.5
495,22.0
496,38.8
497,60.49999999999999
498,108.36363640000002
499,93.12499999999999
0,0.0
0,102.0
0,113.0
3,232.5
4,46.08333333
0,91.0
6,69.0
7,210.5
8,89.5
9,21.0
10,21.0
0,21.0
12,19.0
0,27.000000000000004
14,27.0
15,229.2
0,54.5
0,163.0
18,123.09090909999999
0,0.0
0,0.0
0,53.0
21,31.23076923
22,128.2
0,62.88461538
24,2.0
0,64.875
26,34.0
0,121.5
28,53.0
29,27.666666670000005
30,39.85714286
0,96.0
0,44.0
33,25.0
0,379.0
0,125.99999999999999
0,0.0
0,50.0
0,107.00000000000001
0,43.74825175
39,46.28571429
40,32.0
41,45.33333333
0,77.0
43,109.8571429
44,103.6666667
45,38.66666667
0,72.0
47,61.49999999999999
48,52.7
0,31.0
50,132.0
51,38.0
52,8.0
0,11.18181818
0,0.0
0,118.46666670000002
56,22.0
57,39.0
0,273.3333333
59,38.0
0,13.66666667
0,215.0
0,216.0
0,113.0
64,29.0
0,272.0
66,23.0
67,219.99999999999997
0,0.0
0,0.0
0,603.9999999999999
0,350.0
0,27.0
71,19.0
0,16.75
0,42.0
74,239.99999999999997
0,181.79999999999998
0,85.5
77,139.0
0,174.0
0,348.00000000000006
80,34.875
0,40.5
82,84.66666667
0,207.66666669999998
0,52.16666667
85,56.8
86,0.0
0,3.0
88,12.000000000000002
0,108.66666669999998
0,67.71428571
90,0.0
90,0.0
0,0.0
90,0.0
0,0.0
90,0.0
90,0.0
90,0.0
0,0.0
90,0.0
0,0.0
0,0.0
90,0.0
0,0.0
0,0.0
90,0.0
0,0.0
0,0.0
90,0.0
0,0.0
0,0.0
0,0.0
90,0.0
0,0.0
0,0.0
90,0.0
0,0.0
90,0.0
0,0.0
0,0.0
90,0.0
90,0.0
0,0.0
0,0.0
0,0.0
0,0.0
0,0.0
0,0.0
0,0.0
0,0.0
90,0.0
0,0.0
90,0.0
90,0.0
90,0.0
0,0.0
0,0.0
91,0.0
0,0.0
0,0.0
91,0.0
91,0.0
0,0.0
0,0.0
91,0.0
0,0.0
0,0.0
0,0.0
0,0.0
91,0.0
91,0.0
91,0.0
91,0.0
0,0.0
0,0.0
0,0.0
0,0.0
0,0.0
0,0.0
0,0.0
91,0.0
0,0.0
0,0.0
91,0.0
0,0.0
0,0.0
0,0.0
0,0.0
91,0.0
0,0.0
91,0.0
0,0.0
0,0.0
0,0.0
0,0.0
91,0.0
0,0.0
0,0.0
0,0.0
0,0.0
0,0.0
0,0.0
0,0.0
91,0.0
91,0.0
91,0.0
0,0.0
0,0.0
0,0.0
0,0.0
0,0.0
0,0.0
0,0.0
0,0.0
91,0.0
91,0.0
0,0.0
0,0.0
0,0.0
91,0.0
0,0.0
0,0.0
0,0.0
0,0.0
0,0.0
0,0.0
0,0.0
0,0.0
0,0.0
0,0.0
0,0.0
0,0.0
0,0.0
91,0.0
91,0.0
0,0.0
0,0.0
0,0.0
0,0.0
0,0.0
0,0.0
91,0.0
0,0.0
0,0.0
91,0.0
91,0.0
0,0.0
91,0.0
0,0.0
0,0.0
0,0.0
0,0.0
0,0.0
0,0.0
0,0.0
0,0.0
0,0.0
0,0.0
0,0.0
0,0.0
0,0.0
0,0.0
0,0.0
0,0.0
0,0.0
0,0.0
0,0.0
0,0.0
0,0.0
0,0.0
0,0.0
0,0.0
0,0.0
0,0.0
0,0.0
0,0.0
0,0.0
0,148.0
0,0.0
92,0.0
0,0.0
0,0.0
0,0.0
0,0.0
0,0.0
93,0.0
0,0.0
0,0.0
0,0.0
0,0.0
0,0.0
0,0.0
0,0.0
93,0.0
0,0.0
0,0.0
0,0.0
0,0.0
0,0.0
0,0.0
93,0.0
0,0.0
0,0.0
0,0.0
0,0.0
0,0.0
0,0.0
0,0.0
0,0.0
0,0.0
0,0.0
0,0.0
0,0.0
0,0.0
0,0.0
93,0.0
0,0.0
93,0.0
0,0.0
0,0.0
0,0.0
0,0.0
0,0.0
0,0.0
0,0.0
0,0.0
0,0.0
0,0.0
0,0.0
0,0.0
0,0.0
0,0.0
0,0.0
0,0.0
0,0.0
0,0.0
0,0.0
0,0.0
0,198.50000000000003
0,0.0
0,0.0
0,0.0
0,0.0
0,0.0
94,0.0
0,0.0
94,0.0
0,0.0
0,0.0
94,0.0
94,0.0
0,0.0
94,0.0
0,0.0
94,0.0
0,0.0
0,0.0
0,0.0
0,0.0
0,0.0
0,0.0
0,0.0
0,0.0
0,0.0
0,0.0
94,0.0
94,0.0
0,0.0
0,0.0
0,0.0
0,0.0
0,0.0
0,0.0
0,0.0
0,0.0
0,0.0
0,0.0
0,0.0
0,0.0
0,0.0
0,0.0
0,0.0
0,0.0
0,0.0
0,0.0
0,0.0
0,0.0
0,0.0
94,0.0
0,0.0
0,0.0
0,0.0
0,0.0
0,0.0
0,0.0
0,0.0
0,0.0
0,0.0
0,0.0
0,0.0
0,0.0
0,0.0
0,0.0
94,0.0
0,0.0
0,0.0
0,0.0
0,0.0
0,0.0
0,0.0
0,0.0
0,0.0
0,0.0
0,0.0
0,0.0
0,0.0
0,0.0
0,0.0
94,0.0
0,0.0
0,0.0
0,0.0
0,0.0
0,0.0
0,0.0
0,0.0
0,0.0
0,0.0
0,0.0
0,0.0
0,0.0
0,0.0
0,0.0
0,0.0
0,0.0
0,0.0
0,0.0
0,0.0
0,0.0
0,0.0
0,0.0
0,0.0
0,0.0
0,0.0
0,0.0
0,0.0
0,0.0
0,0.0
0,0.0
0,0.0
0,0.0
0,0.0
0,0.0
0,0.0
0,0.0
0,0.0
0,0.0
0,0.0
0,0.0
0,0.0
0,0.0
0,0.0
0,0.0
0,0.0
0,0.0
0,0.0
0,0.0
0,384.0
0,0.0
0,0.0
0,0.0
0,0.0
0,0.0
95,0.0
0,0.0
95,0.0
0,0.0
0,0.0
0,0.0
0,0.0
0,0.0
0,0.0
0,0.0
0,0.0
0,0.0
0,0.0
0,0.0
0,0.0
0,0.0
0,0.0
0,0.0
0,0.0
0,0.0
0,0.0
0,0.0
0,0.0
0,0.0
0,0.0
0,0.0
0,0.0
0,0.0
0,0.0
0,0.0
0,0.0
0,0.0
0,0.0
0,0.0
0,0.0
0,0.0
0,0.0
0,0.0
0,0.0
0,0.0
0,0.0
0,0.0
0,804.0
0,0.0
0,0.0
0,0.0
0,0.0
0,0.0
0,0.0
0,0.0
0,0.0
0,0.0
0,0.0
0,0.0
0,0.0
0,0.0
0,0.0
0,0.0
0,0.0
0,0.0
0,0.0
0,0.0
0,0.0
0,0.0
0,0.0
0,38.33333333
97,0.0
0,0.0
0,0.0
0,0.0
0,0.0
0,0.0
0,0.0
0,0.0
0,0.0
0,0.0
0,0.0
0,0.0
0,0.0
97,0.0
0,0.0
97,0.0
0,0.0
0,0.0
0,0.0
0,0.0
97,0.0
0,0.0
0,0.0
0,0.0
0,0.0
0,0.0
0,0.0
0,0.0
0,0.0
0,0.0
0,0.0
0,0.0
97,0.0
0,0.0
0,0.0
0,0.0
0,0.0
0,0.0
0,0.0
0,0.0
97,0.0
0,0.0
0,0.0
0,0.0
0,0.0
0,0.0
0,0.0
0,0.0
0,0.0
0,0.0
0,0.0
0,0.0
0,0.0
0,0.0
0,0.0
0,0.0
0,0.0
0,0.0
0,0.0
97,0.0
0,0.0
0,0.0
0,0.0
0,0.0
0,0.0
0,0.0
0,0.0
0,0.0
0,0.0
0,0.0
0,92.0
0,0.0
0,34.66666667
0,43.99999999999999
0,66.0
0,169.5
0,53.0
0,147.0
0,116.5
0,30.0
0,260.49999999999994
0,177.57142860000002
0,285.8571429
0,115.0
111,123.24999999999999
0,143.0
0,283.0
0,357.0
0,201.16666670000004
0,120.00000000000001
0,110.5
0,117.7142857
0,231.0
0,135.0
0,119.2
0,153.99999999999997
0,214.0
0,602.0000000000001
0,324.99999999999994
0,649.0
0,354.0
0,25.5
0,19.09090909
0,51.00000000000001
0,56.93023256
0,115.83333329999999
0,99.01265823
0,31.719999999999995
0,109.5066667
0,82.875
137,181.5
0,33.0
0,115.44827590000001
0,34.0
0,17.666666670000005
0,101.0930233
0,7.5
0,32.89999999999999
0,121.99999999999999
0,37.88888889
0,38.400000000000006
0,70.14285714
0,71.69230769000002
0,263.99999999999994
0,259.0
0,104.5
0,11.000000000000002
0,103.5
155,66.88888889
0,48.93333333000001
0,49.00000000000001
0,76.72727273000001
0,93.83333333
0,198.0
0,99.78465347
0,129.4361702
0,75.6
0,47.15384614999999
0,35.33333333
0,38.22222222
0,91.6
0,146.5
0,18.66666667
0,91.21428571
0,33.5
0,45.33333333000001
0,130.7916667
0,106.2
0,107.4
0,182.0
0,141.6
0,52.0
0,49.74999999999999
0,65.66666666999998
181,57.199999999999996
0,156.4
0,117.00000000000001
0,57.66666666999999
0,43.64179104
0,56.0
0,275.0
0,45.99999999999999
0,26.25
0,32.16666667
191,61.8
0,105.08333330000002
0,108.5
0,70.03846154
0,139.75
0,54.666666670000005
0,78.625
0,143.0
0,36.90909091
0,45.33333333
0,104.3092105
0,29.499999999999996
0,50.75
0,29.624999999999996
205,116.99999999999999
0,77.1
0,80.49999999999999
0,26.5
0,67.62463342999999
0,18.0
0,38.85714286
0,20.0
0,45.0
0,30.999999999999996
0,48.0
0,24.666666669999998
0,13.500000000000002
0,82.625
0,188.99999999999997
0,44.66666667
0,27.0
0,27.0
0,13.0
0,37.5
0,113.8
0,37.666666670000005
0,33.88888889
0,38.0
0,16.0
0,698.5
0,96.63636363999998
0,129.6666667
0,142.0
0,63.0
0,76.5
0,103.2
0,100.5555556
0,123.99999999999999
0,72.25
0,349.1666667
0,62.840909090000004
0,5.0
0,104.0
0,23.000000000000004
0,10.0
0,34.625
0,33.0
0,1002.9999999999999
0,77.99999999999999
0,69.4
0,20.5
0,42.4
0,65.0
0,25.400000000000002
0,19.0
0,144.3333333
0,45.4516129
0,135.1818182
0,25.88888889
0,26.0
0,29.63636364
0,211.79999999999998
0,28.000000000000004
0,33.0
0,130.70000000000002
0,20.0
0,37.53846154
0,55.33333333
0,46.4
0,82.00414938
0,46.0
0,176.2
0,141.9642857
0,322.0
0,364.99999999999994
0,367.0
0,197.8333333
0,98.00000000000001
0,14.999999999999998
0,80.33333333
0,122.00000000000001
0,119.0
0,111.79999999999998
0,6.666666667
0,42.75
0,157.0
0,61.0
0,69.0
0,82.66666667
0,145.6666667
0,178.4285714
0,188.6666667
0,61.2
0,68.16666667
0,80.0
0,92.5
0,53.33333333
0,28.25
0,59.0
0,110.625
0,23.441176469999995
0,151.77777779999997
0,54.00000000000001
0,33.33333333
0,81.00000000000001
0,38.0
0,16.0
0,79.11111111
0,149.6
0,64.51851852
0,26.66666667
0,61.15384614999999
0,217.0
0,142.0
0,123.0
0,41.0
0,159.5
0,199.0
0,193.5
0,9.25
0,35.64285714
0,37.82608696
0,205.0
0,189.0
0,249.99999999999997
0,80.85714286
0,108.0
0,21.81818182
0,120.99999999999999
0,55.5
0,43.03846154
0,43.99999999999999
0,20.999999999999996
0,42.93421053
0,36.5
0,61.0
0,73.90000000000002
0,41.5
0,89.0
0,272.0
0,133.4
0,127.0
0,281.0
0,19.0
0,65.55319149
0,30.666666669999998
0,18.75
0,64.0
0,29.6
0,99.0
0,127.0
0,185.5
0,121.50000000000001
0,106.25
0,55.99999999999999
0,53.5
0,188.0
0,115.50000000000001
0,30.0
0,81.75
0,63.0
0,93.2
0,152.0
0,180.0
0,135.0
0,44.0
0,17.0
0,47.00000000000001
0,57.49999999999999
0,24.0
0,16.0
0,205.99999999999997
0,67.33333333
0,87.25
0,65.5
0,208.0
0,157.0
0,115.6666667
0,19.000000000000004
380,112.0833333
381,208.0
382,210.0
383,59.75
384,181.0
384,0.0
385,66.25
386,64.5
387,54.50000000000001
388,113.00000000000001
389,442.6666667
390,144.5
390,0.0
391,152.0
392,54.5
393,45.00000000000001
394,29.0
395,96.15789473999999
396,53.50000000000001
397,61.0
398,8.25
399,105.5
400,165.0
401,108.0
402,37.125
403,126.99999999999999
404,54.5
405,64.0
406,39.99999999999999
407,56.89999999999999
408,102.25
409,34.0
410,30.000000000000004
411,41.0
412,37.0
413,36.0
414,78.71428571
415,100.33333329999999
416,96.0
417,89.0
418,46.37499999999999
419,31.750000000000004
420,9.333333333
421,49.0
422,10.42857143
423,43.0
424,19.42857143
425,24.71428571
426,141.0
427,139.0
428,72.35714286
429,40.5
430,55.33333333
431,70.99999999999999
432,39.0
433,53.99999999999999
434,56.33333333
435,62.49999999999999
436,165.0
437,183.0
438,189.5
439,128.0
440,73.0
441,307.0
442,71.0
443,25.000000000000004
444,60.99999999999999
445,58.0
446,20.0
447,18.000000000000004
448,157.75
449,159.0
450,81.99999999999999
451,153.0
452,36.0
453,85.50000000000001
454,89.75
455,52.99999999999999
456,48.0
457,48.0
458,15.33333333
459,26.33333333
460,26.999999999999996
461,15.66666667
462,56.19354839
463,86.125
464,114.33333330000002
465,132.5555556
466,112.5
467,101.3
467,0.0
468,4.733333333
469,72.71428571
470,63.59090909
471,12.46875
472,133.0
473,6.379310345
474,86.54545455
475,68.89655172
476,76.0
477,74.72727273
478,47.0
479,97.14285713999999
480,19.0
481,43.24999999999999
482,56.25
483,61.649122809999994
484,56.26086957
485,93.66666667
486,60.0
487,16.909090909999996
488,64.69565217
489,15.0
490,38.44444444
491,118.25
492,23.000000000000004
493,144.50000000000003
494,22.000000000000004
495,38.8
496,60.50000000000001
497,108.36363640000002
498,93.12500000000001
0,0.0
0,102.0
0,113.0
3,232.5
4,46.08333333
0,91.0
6,69.0
7,210.5
8,89.5
9,21.0
10,21.0
0,21.0
12,19.0
0,27.000000000000004
14,27.0
15,229.2
0,54.5
0,163.0
18,123.09090909999999
0,180.6666667
0,0.0
0,53.0
22,31.230769229999996
23,128.2
0,62.88461538
25,2.0
0,64.875
27,34.0
0,121.5
29,53.0
30,27.66666667
31,39.85714286
0,96.0
0,44.0
34,24.999999999999996
0,379.0
0,126.0
0,0.0
0,50.0
0,107.0
0,43.74825175
40,46.28571429
41,32.0
42,45.33333333
0,77.0
44,109.85714289999999
45,103.6666667
46,38.66666667
0,72.0
48,61.5
48,0.0
0,31.0
50,132.0
51,38.0
52,8.0
0,11.18181818
0,0.0
0,118.46666670000002
56,22.0
57,39.0
0,273.3333333
59,38.0
0,13.66666667
0,215.0
0,216.0
0,113.0
64,29.0
0,272.0
66,23.0
67,219.99999999999997
0,448.00000000000006
0,595.0
0,604.0
0,350.00000000000006
0,27.0
73,19.0
0,16.75
0,41.99999999999999
76,240.0
0,181.8
0,85.50000000000001
79,139.0
0,174.0
0,348.00000000000006
82,34.875
0,40.5
84,84.66666667
0,207.66666670000004
0,52.16666667
87,56.8
88,0.0
0,3.0
90,12.0
0,108.6666667
0,67.71428570999998
93,30.42857143
93,0.0
0,0.0
93,0.0
0,0.0
93,0.0
93,0.0
93,0.0
0,0.0
93,0.0
0,0.0
0,0.0
93,0.0
0,0.0
0,0.0
93,0.0
0,0.0
0,0.0
93,0.0
0,0.0
0,0.0
0,0.0
93,0.0
0,0.0
0,0.0
93,0.0
0,0.0
93,0.0
0,0.0
0,0.0
93,0.0
93,0.0
0,0.0
0,0.0
0,0.0
0,0.0
0,0.0
0,0.0
0,0.0
0,0.0
93,0.0
0,0.0
93,0.0
93,0.0
93,0.0
0,0.0
0,0.0
94,0.0
0,0.0
0,0.0
94,0.0
94,0.0
0,0.0
0,0.0
94,0.0
0,0.0
0,0.0
0,0.0
0,0.0
94,0.0
94,0.0
94,0.0
94,0.0
0,0.0
0,0.0
0,0.0
0,0.0
0,0.0
0,0.0
0,0.0
94,0.0
0,0.0
0,0.0
94,0.0
0,0.0
0,0.0
0,0.0
0,0.0
94,0.0
0,0.0
94,0.0
0,0.0
0,0.0
0,0.0
0,0.0
94,0.0
0,0.0
0,0.0
0,0.0
0,0.0
0,0.0
0,0.0
0,0.0
94,0.0
94,0.0
94,0.0
0,0.0
0,0.0
0,0.0
0,0.0
0,0.0
0,0.0
0,0.0
0,0.0
94,0.0
94,0.0
0,0.0
0,0.0
0,0.0
94,0.0
0,0.0
0,0.0
0,0.0
0,0.0
0,0.0
0,0.0
0,0.0
0,0.0
0,0.0
0,0.0
0,0.0
0,0.0
0,0.0
94,0.0
94,0.0
0,0.0
0,0.0
0,0.0
0,0.0
0,0.0
0,0.0
94,0.0
0,0.0
0,0.0
94,0.0
94,0.0
0,0.0
94,0.0
0,0.0
0,0.0
0,0.0
0,0.0
0,0.0
0,0.0
0,0.0
0,0.0
0,0.0
0,0.0
0,0.0
0,0.0
0,0.0
0,0.0
0,0.0
0,0.0
0,0.0
0,0.0
0,0.0
0,0.0
0,0.0
0,0.0
0,0.0
0,0.0
0,0.0
0,0.0
0,0.0
0,0.0
0,0.0
0,148.0
0,0.0
95,0.0
0,0.0
0,0.0
0,0.0
0,0.0
0,0.0
96,0.0
0,0.0
0,0.0
0,0.0
0,0.0
0,0.0
0,0.0
0,0.0
96,0.0
0,0.0
0,0.0
0,0.0
0,0.0
0,0.0
0,0.0
96,0.0
0,0.0
0,0.0
0,0.0
0,0.0
0,0.0
0,0.0
0,0.0
0,0.0
0,0.0
0,0.0
0,0.0
0,0.0
0,0.0
0,0.0
96,0.0
0,0.0
97,162.0
0,0.0
0,0.0
0,0.0
0,0.0
0,0.0
0,0.0
0,0.0
0,0.0
0,0.0
0,0.0
0,0.0
0,0.0
0,0.0
0,0.0
0,0.0
0,0.0
0,0.0
0,0.0
0,0.0
0,0.0
0,198.5
0,0.0
0,0.0
0,0.0
0,0.0
0,0.0
98,0.0
0,0.0
98,0.0
0,0.0
0,0.0
98,0.0
98,0.0
0,0.0
98,0.0
0,0.0
98,0.0
0,0.0
0,0.0
0,0.0
0,0.0
0,0.0
0,0.0
0,0.0
0,0.0
0,0.0
0,0.0
98,0.0
98,0.0
0,0.0
0,0.0
0,0.0
0,0.0
0,0.0
0,0.0
0,0.0
0,0.0
0,0.0
0,0.0
0,0.0
0,0.0
0,0.0
0,0.0
0,0.0
0,0.0
0,0.0
0,0.0
0,0.0
0,0.0
0,0.0
98,0.0
0,0.0
0,0.0
0,0.0
0,0.0
0,0.0
0,0.0
0,0.0
0,0.0
0,0.0
0,0.0
0,0.0
0,0.0
0,0.0
0,0.0
98,0.0
0,0.0
0,0.0
0,0.0
0,0.0
0,0.0
0,0.0
0,0.0
0,0.0
0,0.0
0,0.0
0,0.0
0,0.0
0,0.0
0,0.0
98,0.0
0,0.0
0,0.0
0,0.0
0,0.0
0,0.0
0,0.0
0,0.0
0,0.0
0,0.0
0,0.0
0,0.0
0,0.0
0,0.0
0,0.0
0,0.0
0,0.0
0,0.0
0,0.0
0,0.0
0,0.0
0,0.0
0,0.0
0,0.0
0,0.0
0,0.0
0,0.0
0,0.0
0,0.0
0,0.0
0,0.0
0,0.0
0,0.0
0,0.0
0,0.0
0,0.0
0,0.0
0,0.0
0,0.0
0,0.0
0,0.0
0,0.0
0,0.0
0,0.0
0,0.0
0,0.0
0,0.0
0,0.0
0,0.0
0,384.0
0,0.0
0,0.0
0,0.0
0,0.0
0,0.0
99,0.0
0,0.0
99,0.0
0,0.0
0,0.0
0,0.0
0,0.0
0,0.0
0,0.0
0,0.0
0,0.0
0,0.0
0,0.0
0,0.0
0,0.0
0,0.0
0,0.0
0,0.0
0,0.0
0,0.0
0,0.0
0,0.0
0,0.0
0,0.0
0,0.0
0,0.0
0,0.0
0,0.0
0,0.0
0,0.0
0,0.0
0,0.0
0,0.0
0,0.0
0,0.0
0,0.0
0,0.0
0,0.0
0,0.0
0,0.0
0,0.0
0,0.0
0,803.9999999999999
0,0.0
0,0.0
0,0.0
0,0.0
0,0.0
0,0.0
0,0.0
0,0.0
0,0.0
0,0.0
0,0.0
0,0.0
0,0.0
0,0.0
0,0.0
0,0.0
0,0.0
0,0.0
0,0.0
0,0.0
0,0.0
0,0.0
0,38.33333333
101,0.0
0,0.0
0,0.0
0,0.0
0,0.0
0,0.0
0,0.0
0,0.0
0,0.0
0,0.0
0,0.0
0,0.0
0,0.0
101,0.0
0,0.0
101,0.0
0,0.0
0,0.0
0,0.0
0,0.0
101,0.0
0,0.0
0,0.0
0,0.0
0,0.0
0,0.0
0,0.0
0,0.0
0,0.0
0,0.0
0,0.0
0,0.0
101,0.0
0,0.0
0,0.0
0,0.0
0,0.0
0,0.0
0,0.0
0,0.0
101,0.0
0,0.0
0,0.0
0,0.0
0,0.0
0,166.25
0,0.0
0,0.0
0,0.0
0,0.0
0,0.0
0,0.0
0,0.0
0,0.0
0,0.0
0,0.0
0,0.0
0,0.0
0,0.0
102,0.0
0,0.0
0,0.0
0,0.0
0,0.0
0,0.0
0,0.0
0,0.0
0,0.0
0,0.0
0,0.0
0,92.0
0,0.0
0,0.0
0,44.0
0,66.0
0,169.49999999999997
0,52.99999999999999
0,146.99999999999997
0,116.49999999999999
0,30.000000000000004
0,260.5
0,177.5714286
0,285.8571429
0,115.0
115,123.24999999999999
0,143.0
0,283.0
0,357.0
0,201.1666667
0,120.0
0,110.5
0,117.71428569999999
0,231.0
0,135.0
0,119.19999999999999
0,153.99999999999997
0,214.0
0,602.0
0,325.0
0,649.0
0,354.00000000000006
0,25.5
0,19.090909089999997
0,51.0
0,56.93023256
0,115.8333333
0,99.01265823
0,31.719999999999995
0,109.50666669999998
0,82.875
141,181.50000000000003
0,33.0
0,115.44827589999998
0,34.0
0,17.66666667
0,101.0930233
0,7.499999999999999
0,32.9
0,122.0
0,37.88888889
0,38.4
0,70.14285714
0,71.69230769
0,264.0
0,259.0
0,104.49999999999999
0,11.0
0,103.50000000000001
159,66.88888889
0,48.93333333
0,49.0
0,76.72727273
0,93.83333333
0,198.0
0,99.78465347000001
0,129.4361702
0,75.59999999999998
0,47.15384614999999
0,35.33333333
0,38.222222220000006
0,91.6
0,146.5
0,18.66666667
0,91.21428571
0,33.5
0,45.33333333000001
0,130.7916667
0,106.20000000000002
0,107.40000000000002
0,182.0
0,141.6
0,52.0
0,49.75000000000001
0,65.66666667
185,57.2
0,156.4
0,116.99999999999999
0,57.66666666999999
0,43.641791039999994
0,56.00000000000001
0,275.0
0,46.0
0,26.250000000000004
0,32.16666667
195,61.8
0,105.0833333
0,108.50000000000001
0,70.03846154000001
0,139.75
0,54.66666667
0,78.625
0,143.00000000000003
0,36.90909091
0,45.33333333
0,104.3092105
0,29.5
0,50.75
0,29.625
209,116.99999999999999
0,77.1
0,80.5
0,26.5
0,67.62463343
0,18.0
0,38.85714286
0,20.0
0,45.00000000000001
0,31.0
0,48.0
0,24.66666667
0,13.5
0,82.625
0,188.99999999999997
0,44.66666667
0,27.0
0,27.0
0,13.000000000000002
0,37.5
0,113.79999999999998
0,37.66666667
0,33.88888889
0,38.0
0,16.0
0,698.5
0,96.63636364
0,129.66666670000004
0,142.0
0,63.0
0,76.5
0,103.2
0,100.5555556
0,123.99999999999999
0,72.25
0,349.1666667
0,62.84090909
0,5.0
0,104.0
0,23.0
0,10.0
0,34.625
0,33.0
0,1002.9999999999999
0,78.0
0,69.4
0,20.499999999999996
0,42.4
0,65.0
0,25.400000000000002
0,18.999999999999996
0,144.3333333
0,45.45161290000001
0,135.1818182
0,25.88888889
0,26.000000000000004
0,29.636363639999995
0,211.8
0,27.999999999999996
0,33.0
0,130.7
0,20.0
0,37.53846154
0,55.33333333
0,46.4
0,82.00414938
0,46.0
0,176.20000000000002
0,141.9642857
0,322.00000000000006
0,365.0
0,367.0
0,197.8333333
0,98.0
0,15.0
0,80.33333333
0,122.00000000000001
0,119.0
0,111.8
0,6.666666667
0,42.75
0,157.0
0,61.0
0,69.0
0,82.66666667
0,145.6666667
0,178.4285714
0,188.6666667
0,61.20000000000001
0,68.16666667
0,80.0
0,92.49999999999999
0,53.333333329999995
0,28.249999999999996
0,59.00000000000001
0,110.625
0,23.44117647
0,151.77777780000002
0,54.0
0,33.33333333
0,81.0
0,38.0
0,16.0
0,79.11111111000001
0,149.6
0,64.51851852000001
0,0.0
0,61.15384615
0,217.0
0,142.0
0,122.99999999999999
0,41.0
0,159.5
0,199.0
0,193.50000000000003
0,9.25
0,35.64285714
0,37.82608696
0,204.99999999999997
0,189.0
0,250.0
0,80.85714285999998
0,108.0
0,21.81818182
0,121.0
0,55.5
0,43.03846154
0,44.0
0,21.0
0,42.93421053
0,36.5
0,60.99999999999999
0,73.9
0,41.50000000000001
0,89.0
0,272.0
0,133.4
0,127.0
0,281.0
0,19.0
0,65.55319149
0,30.666666669999998
0,18.75
0,64.0
0,29.6
0,99.0
0,127.00000000000001
0,185.5
0,121.50000000000001
0,106.25
0,56.0
0,53.5
0,187.99999999999997
0,115.5
0,30.0
0,81.75
0,63.0
0,93.2
0,152.0
0,180.0
0,135.0
0,44.0
0,17.0
0,47.00000000000001
0,57.5
0,24.0
0,15.999999999999998
0,206.0
0,67.33333333
0,87.25
0,65.5
0,208.0
0,157.0
0,115.6666667
0,19.0
383,112.08333329999999
384,208.0
385,210.00000000000003
386,59.75
387,181.0
387,0.0
388,66.25
389,64.5
390,54.5
391,113.00000000000001
392,442.66666670000006
393,144.5
394,174.0
395,152.0
396,54.5
397,45.0
398,29.0
399,96.15789474000002
400,53.5
401,60.99999999999999
402,8.25
403,105.49999999999999
404,165.0
405,108.0
406,37.125
407,126.99999999999999
408,54.5
409,64.0
410,40.0
411,56.900000000000006
412,102.25
413,34.0
414,30.0
415,41.00000000000001
416,36.99999999999999
417,35.99999999999999
418,78.71428570999998
419,100.33333330000002
420,96.0
421,88.99999999999999
422,46.37499999999999
423,31.75
424,9.333333333
425,49.0
426,10.42857143
427,43.0
428,19.42857143
429,24.71428571
430,140.99999999999997
431,139.0
432,72.35714286
433,40.5
434,55.33333333000001
435,71.0
436,39.0
437,53.99999999999999
438,56.33333333000001
439,62.5
440,165.0
441,183.0
442,189.5
443,127.99999999999999
444,73.0
445,307.0
446,71.0
447,25.000000000000004
448,60.99999999999999
449,58.00000000000001
450,20.0
451,18.0
452,157.75
453,159.0
454,82.00000000000001
455,153.0
456,36.00000000000001
457,85.5
458,89.75
459,53.00000000000001
460,48.0
461,48.00000000000001
462,15.333333329999999
463,26.333333330000002
464,26.999999999999996
465,15.66666667
466,56.19354838999999
467,86.125
468,114.3333333
469,132.5555556
470,112.49999999999999
471,101.3
471,0.0
472,4.733333333
473,72.71428571
474,63.59090908999999
475,12.46875
476,133.0
477,6.379310345
478,86.54545455
479,68.89655172
480,76.0
481,74.72727273
482,47.0
483,97.14285714000002
484,19.0
485,43.25
486,56.24999999999999
487,61.64912281000001
488,56.26086957
489,93.66666666999998
490,60.00000000000001
491,16.90909091
492,64.69565217
493,15.0
494,38.44444444
495,118.24999999999999
496,23.0
497,144.5
498,22.0
499,38.8
500,60.50000000000001
501,108.3636364
502,93.125
0,0.0
0,102.0
0,113.0
3,232.5
4,46.08333333
0,91.0
6,69.0
7,210.5
8,89.5
9,21.0
10,21.0
0,21.0
12,19.0
0,27.000000000000004
14,27.0
15,229.2
0,54.5
0,163.0
18,123.09090909999999
0,180.6666667
0,0.0
0,53.0
22,31.230769229999996
23,128.2
0,62.88461538
25,2.0
0,64.875
27,34.0
0,121.5
29,53.0
30,27.66666667
31,39.85714286
0,96.0
0,44.0
34,24.999999999999996
0,379.0
0,126.0
0,0.0
0,50.0
0,107.0
0,43.74825175
40,46.28571429
41,32.0
42,45.33333333
0,77.0
44,109.85714289999999
45,103.6666667
46,38.66666667
0,72.0
48,61.5
49,52.7
0,31.0
51,132.0
52,38.0
53,8.0
0,11.18181818
0,0.0
0,118.4666667
57,22.000000000000004
58,39.0
0,273.33333329999994
60,38.0
0,13.666666669999998
0,214.99999999999997
0,216.0
0,113.0
65,29.0
0,272.0
67,23.0
67,0.0
0,448.00000000000006
0,595.0
0,604.0
0,350.00000000000006
0,27.0
73,19.0
0,16.75
0,41.99999999999999
76,240.0
0,181.8
0,85.50000000000001
79,139.0
0,174.0
0,348.00000000000006
82,34.875
0,40.5
84,84.66666667
0,207.66666670000004
0,52.16666667
87,56.8
88,0.0
0,3.0
90,12.0
0,108.6666667
0,67.71428570999998
93,30.42857143
93,0.0
0,0.0
93,0.0
0,0.0
93,0.0
93,0.0
94,28.500000000000004
0,0.0
94,0.0
0,0.0
0,0.0
94,0.0
0,0.0
0,0.0
94,0.0
0,0.0
0,0.0
94,0.0
0,0.0
0,0.0
0,0.0
94,0.0
0,0.0
0,0.0
94,0.0
0,0.0
94,0.0
0,0.0
0,0.0
94,0.0
94,0.0
0,0.0
0,0.0
0,0.0
0,0.0
0,0.0
0,0.0
0,0.0
0,0.0
94,0.0
0,0.0
94,0.0
94,0.0
94,0.0
0,0.0
0,0.0
95,0.0
0,0.0
0,0.0
95,0.0
95,0.0
0,0.0
0,0.0
95,0.0
0,0.0
0,0.0
0,0.0
0,0.0
95,0.0
95,0.0
95,0.0
95,0.0
0,0.0
0,0.0
0,0.0
0,0.0
0,0.0
0,0.0
0,0.0
95,0.0
0,0.0
0,0.0
95,0.0
0,0.0
0,0.0
0,0.0
0,0.0
95,0.0
0,0.0
95,0.0
0,0.0
0,0.0
0,0.0
0,0.0
95,0.0
0,0.0
0,0.0
0,0.0
0,0.0
0,0.0
0,0.0
0,0.0
95,0.0
95,0.0
95,0.0
0,0.0
0,0.0
0,0.0
0,0.0
0,0.0
0,0.0
0,0.0
0,0.0
95,0.0
95,0.0
0,0.0
0,0.0
0,0.0
95,0.0
0,0.0
0,0.0
0,0.0
0,0.0
0,0.0
0,0.0
0,0.0
0,0.0
0,0.0
0,0.0
0,0.0
0,0.0
0,0.0
95,0.0
95,0.0
0,0.0
0,0.0
0,0.0
0,0.0
0,0.0
0,0.0
95,0.0
0,0.0
0,0.0
95,0.0
95,0.0
0,0.0
95,0.0
0,0.0
0,0.0
0,0.0
0,0.0
0,0.0
0,0.0
0,0.0
0,0.0
0,0.0
0,0.0
0,0.0
0,0.0
0,0.0
0,0.0
0,0.0
0,0.0
0,0.0
0,0.0
0,0.0
0,0.0
0,0.0
0,0.0
0,0.0
0,0.0
0,0.0
0,0.0
0,0.0
0,0.0
0,0.0
0,148.0
0,0.0
96,0.0
0,0.0
0,0.0
0,0.0
0,0.0
0,0.0
97,0.0
0,0.0
0,0.0
0,0.0
0,0.0
0,0.0
0,0.0
0,0.0
97,0.0
0,0.0
0,0.0
0,0.0
0,0.0
0,0.0
0,0.0
97,0.0
0,0.0
0,0.0
0,0.0
0,0.0
0,0.0
0,0.0
0,0.0
0,0.0
0,0.0
0,0.0
0,0.0
0,0.0
0,0.0
0,0.0
97,0.0
0,0.0
97,0.0
0,0.0
0,0.0
0,0.0
0,0.0
0,0.0
0,0.0
0,0.0
0,0.0
0,0.0
0,0.0
0,0.0
0,0.0
0,0.0
0,0.0
0,0.0
0,0.0
0,0.0
0,0.0
0,0.0
0,0.0
0,198.5
0,0.0
0,0.0
0,0.0
0,0.0
0,0.0
98,0.0
0,0.0
98,0.0
0,0.0
0,0.0
98,0.0
98,0.0
0,0.0
98,0.0
0,0.0
98,0.0
0,0.0
0,0.0
0,0.0
0,0.0
0,0.0
0,0.0
0,0.0
0,0.0
0,0.0
0,0.0
98,0.0
98,0.0
0,0.0
0,0.0
0,0.0
0,0.0
0,0.0
0,0.0
0,0.0
0,0.0
0,0.0
0,0.0
0,0.0
0,0.0
0,0.0
0,0.0
0,0.0
0,0.0
0,0.0
0,0.0
0,0.0
0,0.0
0,0.0
98,0.0
0,0.0
0,0.0
0,0.0
0,0.0
0,0.0
0,0.0
0,0.0
0,0.0
0,0.0
0,0.0
0,0.0
0,0.0
0,0.0
0,0.0
98,0.0
0,0.0
0,0.0
0,0.0
0,0.0
0,0.0
0,0.0
0,0.0
0,0.0
0,0.0
0,0.0
0,0.0
0,0.0
0,0.0
0,0.0
98,0.0
0,0.0
0,0.0
0,0.0
0,0.0
0,0.0
0,0.0
0,0.0
0,0.0
0,0.0
0,0.0
0,0.0
0,0.0
0,0.0
0,0.0
0,0.0
0,0.0
0,0.0
0,0.0
0,0.0
0,0.0
0,0.0
0,0.0
0,0.0
0,0.0
0,0.0
0,0.0
0,0.0
0,0.0
0,0.0
0,0.0
0,0.0
0,0.0
0,0.0
0,0.0
0,0.0
0,0.0
0,0.0
0,0.0
0,0.0
0,0.0
0,0.0
0,0.0
0,0.0
0,25.14285714
0,0.0
0,0.0
0,0.0
0,0.0
0,384.0
0,0.0
0,0.0
0,0.0
0,0.0
0,0.0
100,0.0
0,0.0
100,0.0
0,0.0
0,0.0
0,0.0
0,0.0
0,0.0
0,0.0
0,0.0
0,0.0
0,0.0
0,0.0
0,0.0
0,0.0
0,0.0
0,0.0
0,0.0
0,0.0
0,100.0
0,0.0
0,0.0
0,0.0
0,0.0
0,0.0
0,0.0
0,0.0
0,0.0
0,0.0
0,0.0
0,0.0
0,0.0
0,0.0
0,0.0
0,0.0
0,0.0
0,0.0
0,0.0
0,0.0
0,0.0
0,0.0
0,0.0
0,804.0
0,0.0
0,0.0
0,0.0
0,0.0
0,0.0
0,0.0
0,0.0
0,0.0
0,0.0
0,0.0
0,0.0
0,0.0
0,0.0
0,0.0
0,0.0
0,0.0
0,0.0
0,0.0
0,0.0
0,0.0
0,0.0
0,0.0
0,38.33333333
103,0.0
0,0.0
0,0.0
0,0.0
0,0.0
0,0.0
0,0.0
0,0.0
0,0.0
0,0.0
0,0.0
0,0.0
0,0.0
103,0.0
0,0.0
103,0.0
0,0.0
0,0.0
0,0.0
0,0.0
103,0.0
0,0.0
0,0.0
0,0.0
0,0.0
0,0.0
0,0.0
0,0.0
0,0.0
0,0.0
0,0.0
0,0.0
103,0.0
0,0.0
0,0.0
0,0.0
0,0.0
0,0.0
0,0.0
0,0.0
103,0.0
0,0.0
0,0.0
0,0.0
0,0.0
0,0.0
0,0.0
0,0.0
0,0.0
0,0.0
0,0.0
0,0.0
0,0.0
0,0.0
0,0.0
0,0.0
0,0.0
0,0.0
0,0.0
103,0.0
0,0.0
0,0.0
0,0.0
0,0.0
0,0.0
0,0.0
0,0.0
0,0.0
0,0.0
0,0.0
0,92.00000000000001
0,0.0
0,34.66666667
0,43.99999999999999
0,66.00000000000001
0,169.5
0,53.0
0,146.99999999999997
0,116.5
0,30.0
0,260.5
0,177.57142860000002
0,285.85714289999993
0,115.0
117,123.25
0,143.0
0,283.0
0,356.99999999999994
0,201.1666667
0,120.00000000000001
0,110.5
0,117.7142857
0,231.0
0,135.0
0,119.20000000000002
0,154.0
0,214.0
0,602.0
0,325.0
0,648.9999999999999
0,354.0
0,25.5
0,19.09090909
0,51.0
0,56.93023256
0,115.83333329999999
0,99.01265823
0,31.72
0,109.50666670000001
0,82.87500000000001
143,181.50000000000003
0,33.0
0,115.4482759
0,34.0
0,17.66666667
0,101.0930233
0,7.499999999999999
0,32.9
0,122.0
0,37.88888889
0,38.4
0,70.14285714
0,71.69230769
0,264.0
0,259.0
0,104.50000000000001
0,11.0
0,103.5
161,66.88888889000002
0,48.93333333
0,49.0
0,76.72727273000001
0,93.83333332999999
0,198.0
0,99.78465347
0,129.4361702
0,75.6
0,47.15384615
0,35.33333333000001
0,38.22222222
0,91.6
0,146.50000000000003
0,18.66666667
0,91.21428571
0,33.5
0,45.333333329999995
0,130.7916667
0,106.20000000000002
0,107.39999999999999
0,182.0
0,141.6
0,52.00000000000001
0,49.74999999999999
0,65.66666667
187,57.2
0,156.39999999999998
0,117.0
0,57.66666667
0,43.64179104
0,56.0
0,275.00000000000006
0,46.0
0,26.25
0,32.16666667
197,61.8
0,105.0833333
0,108.5
0,70.03846154000001
0,139.74999999999997
0,54.66666667
0,78.625
0,143.0
0,36.90909091
0,45.33333333
0,104.3092105
0,29.5
0,50.75000000000001
0,29.625
211,116.99999999999999
0,77.1
0,80.5
0,26.499999999999996
0,67.62463343
0,18.0
0,38.857142859999996
0,19.999999999999996
0,45.00000000000001
0,30.999999999999996
0,47.99999999999999
0,24.66666667
0,13.5
0,82.625
0,189.0
0,44.66666667
0,27.000000000000004
0,27.0
0,12.999999999999998
0,37.5
0,113.8
0,37.66666667
0,33.88888889
0,38.0
0,16.0
0,698.5
0,96.63636364000001
0,129.6666667
0,142.0
0,63.0
0,76.5
0,103.20000000000002
0,100.5555556
0,124.0
0,72.25
0,349.1666667
0,62.840909090000004
0,5.0
0,104.00000000000001
0,23.0
0,10.0
0,34.62499999999999
0,33.0
0,1003.0
0,78.0
0,69.4
0,20.5
0,42.4
0,65.0
0,25.399999999999995
0,19.0
0,144.3333333
0,45.4516129
0,135.1818182
0,25.888888890000004
0,26.000000000000004
0,29.636363640000003
0,211.80000000000004
0,27.999999999999996
0,33.0
0,130.7
0,20.0
0,37.53846154
0,55.33333333
0,46.4
0,82.00414937999999
0,46.0
0,176.19999999999996
0,141.9642857
0,322.00000000000006
0,365.00000000000006
0,367.0
0,197.8333333
0,98.0
0,15.0
0,80.33333332999999
0,122.0
0,119.00000000000001
0,111.8
0,6.666666666999999
0,42.75
0,157.0
0,61.00000000000001
0,69.0
0,82.66666667
0,145.6666667
0,178.4285714
0,188.6666667
0,61.20000000000001
0,68.16666666999998
0,79.99999999999999
0,92.5
0,53.333333329999995
0,28.249999999999996
0,58.99999999999999
0,110.625
0,23.441176470000002
0,151.77777779999997
0,54.0
0,33.33333333
0,81.0
0,37.99999999999999
0,16.0
0,79.11111111
0,149.60000000000002
0,64.51851852000001
0,26.666666669999998
0,61.15384614999999
0,217.0
0,142.0
0,123.0
0,41.0
0,159.5
0,199.00000000000003
0,193.5
0,9.25
0,35.64285714
0,37.82608696
0,204.99999999999997
0,189.0
0,249.99999999999997
0,80.85714286
0,107.99999999999999
0,21.81818182
0,121.0
0,55.5
0,43.03846154
0,44.0
0,21.0
0,42.93421053
0,36.50000000000001
0,61.00000000000001
0,73.9
0,41.5
0,89.0
0,272.0
0,133.4
0,126.99999999999999
0,281.0
0,19.0
0,65.55319149
0,30.666666669999998
0,18.749999999999996
0,64.0
0,29.6
0,99.0
0,127.0
0,185.49999999999997
0,121.5
0,106.25
0,56.00000000000001
0,53.49999999999999
0,188.0
0,115.50000000000001
0,30.000000000000004
0,81.75
0,63.0
0,93.20000000000002
0,152.0
0,180.0
0,135.0
0,44.0
0,17.0
0,47.0
0,57.50000000000001
0,24.000000000000004
0,16.0
0,206.0
0,67.33333333
0,87.25
0,65.5
0,208.0
0,157.0
0,115.66666670000001
0,19.0
386,112.08333330000002
387,208.0
388,210.0
389,59.75
390,181.0
390,0.0
391,66.25
392,64.5
393,54.49999999999999
394,112.99999999999999
395,442.6666667
396,144.50000000000003
397,174.0
398,152.00000000000003
399,54.5
400,44.99999999999999
401,29.000000000000004
402,96.15789473999999
403,53.5
404,61.0
405,8.25
406,105.5
407,165.0
408,108.0
409,37.125
410,127.0
411,54.5
412,63.99999999999999
413,40.00000000000001
414,56.900000000000006
415,102.25
416,34.0
417,30.0
418,41.0
419,37.0
420,36.0
421,78.71428571
422,100.33333330000002
423,96.0
424,89.0
425,46.37499999999999
426,31.750000000000004
427,9.333333333
428,49.0
429,10.428571430000002
430,43.0
431,19.428571429999998
432,24.71428571
433,141.0
434,139.0
435,72.35714286
436,40.5
437,55.33333333000001
438,71.00000000000001
439,39.0
440,53.99999999999999
441,56.33333333
442,62.5
443,164.99999999999997
444,183.0
445,189.5
446,128.0
447,73.0
448,307.0
449,71.0
450,25.0
451,61.0
452,58.0
453,20.0
454,18.0
455,157.75
456,159.0
457,82.0
458,153.0
459,36.0
460,85.49999999999999
461,89.75
462,53.0
463,48.0
464,48.00000000000001
465,15.33333333
466,26.33333333
467,26.999999999999996
468,15.66666667
469,56.19354839
470,86.125
471,114.3333333
472,132.55555560000002
473,112.5
474,101.30000000000001
474,0.0
475,4.733333333
476,72.71428571
477,63.590909090000004
478,12.46875
479,133.0
480,6.379310345
481,86.54545455
482,68.89655172
483,76.0
484,74.72727273
485,46.99999999999999
486,97.14285713999999
487,19.0
488,43.25000000000001
489,56.25
490,61.64912281000001
491,56.26086957
492,93.66666667
493,60.0
494,16.90909091
495,64.69565217
496,14.999999999999998
497,38.44444444
498,118.25
499,23.000000000000004
500,144.5
501,22.0
502,38.800000000000004
503,60.50000000000001
504,108.3636364
505,93.125
0,0.0
0,102.0
0,113.0
3,232.5
4,46.08333333
0,91.0
6,69.0
7,210.5
8,89.5
9,21.0
10,21.0
0,21.0
12,19.0
0,27.000000000000004
14,27.0
15,229.2
0,54.5
0,163.0
18,123.09090909999999
0,180.6666667
0,0.0
0,53.0
22,31.230769229999996
23,128.2
0,62.88461538
25,2.0
0,64.875
27,34.0
0,121.5
29,53.0
30,27.66666667
31,39.85714286
0,96.0
0,44.0
34,24.999999999999996
0,379.0
0,126.0
0,0.0
0,50.0
0,107.0
0,43.74825175
40,46.28571429
41,32.0
42,45.33333333
0,77.0
44,109.85714289999999
45,103.6666667
46,38.66666667
0,72.0
48,61.5
49,52.7
0,31.0
51,132.0
52,38.0
53,8.0
0,11.18181818
0,0.0
0,118.4666667
57,22.000000000000004
58,39.0
0,273.33333329999994
60,38.0
0,13.666666669999998
0,214.99999999999997
0,216.0
0,113.0
65,29.0
0,272.0
67,23.0
68,220.0
0,447.99999999999994
0,595.0
0,604.0
0,350.00000000000006
0,27.0
74,19.0
0,16.75
0,41.99999999999999
77,239.99999999999997
0,181.8
0,85.5
80,139.0
0,174.00000000000003
0,348.0
83,34.875
0,40.5
85,84.66666667
0,207.6666667
0,52.16666666999999
88,56.8
89,0.0
0,3.0
91,12.0
0,108.6666667
0,67.71428571
93,0.0
93,0.0
0,0.0
93,0.0
0,0.0
93,0.0
93,0.0
93,0.0
0,0.0
93,0.0
0,0.0
0,0.0
93,0.0
0,0.0
0,0.0
93,0.0
0,0.0
0,0.0
93,0.0
0,0.0
0,0.0
0,0.0
93,0.0
0,0.0
0,0.0
93,0.0
0,0.0
93,0.0
0,0.0
0,0.0
93,0.0
93,0.0
0,0.0
0,0.0
0,0.0
0,0.0
0,0.0
0,0.0
0,0.0
0,0.0
93,0.0
0,0.0
93,0.0
93,0.0
93,0.0
0,0.0
0,0.0
94,0.0
0,0.0
0,0.0
94,0.0
94,0.0
0,0.0
0,0.0
94,0.0
0,0.0
0,0.0
0,0.0
0,0.0
94,0.0
94,0.0
94,0.0
94,0.0
0,0.0
0,0.0
0,0.0
0,0.0
0,0.0
0,0.0
0,0.0
94,0.0
0,0.0
0,0.0
94,0.0
0,0.0
0,0.0
0,0.0
0,0.0
94,0.0
0,0.0
94,0.0
0,0.0
0,0.0
0,0.0
0,0.0
94,0.0
0,0.0
0,0.0
0,0.0
0,0.0
0,0.0
0,0.0
0,0.0
94,0.0
94,0.0
94,0.0
0,0.0
0,0.0
0,0.0
0,0.0
0,0.0
0,0.0
0,0.0
0,0.0
94,0.0
94,0.0
0,0.0
0,0.0
0,0.0
94,0.0
0,0.0
0,0.0
0,0.0
0,0.0
0,0.0
0,0.0
0,0.0
0,0.0
0,0.0
0,0.0
0,0.0
0,0.0
0,0.0
94,0.0
94,0.0
0,0.0
0,0.0
0,0.0
0,0.0
0,0.0
0,0.0
94,0.0
0,0.0
0,0.0
94,0.0
94,0.0
0,0.0
94,0.0
0,0.0
0,0.0
0,0.0
0,0.0
0,0.0
0,0.0
0,0.0
0,0.0
0,0.0
0,0.0
0,0.0
0,0.0
0,0.0
0,0.0
0,0.0
0,0.0
0,0.0
0,0.0
0,0.0
0,0.0
0,0.0
0,0.0
0,0.0
0,0.0
0,0.0
0,0.0
0,0.0
0,0.0
0,0.0
0,148.0
0,0.0
95,0.0
0,0.0
0,0.0
0,0.0
0,0.0
0,0.0
96,0.0
0,0.0
0,0.0
0,30.0
0,0.0
0,0.0
0,0.0
0,40.49999999999999
98,0.0
0,0.0
0,0.0
0,0.0
0,0.0
0,0.0
0,0.0
98,0.0
0,0.0
0,0.0
0,0.0
0,0.0
0,0.0
0,0.0
0,0.0
0,0.0
0,0.0
0,0.0
0,0.0
0,0.0
0,0.0
0,0.0
98,0.0
0,0.0
98,0.0
0,0.0
0,0.0
0,0.0
0,0.0
0,0.0
0,0.0
0,0.0
0,0.0
0,0.0
0,0.0
0,0.0
0,0.0
0,0.0
0,0.0
0,0.0
0,0.0
0,0.0
0,0.0
0,0.0
0,0.0
0,198.5
0,0.0
0,0.0
0,0.0
0,0.0
0,0.0
99,0.0
0,0.0
99,0.0
0,0.0
0,0.0
99,0.0
99,0.0
0,0.0
99,0.0
0,0.0
99,0.0
0,0.0
0,0.0
0,0.0
0,0.0
0,0.0
0,0.0
0,0.0
0,0.0
0,0.0
0,0.0
99,0.0
99,0.0
0,0.0
0,0.0
0,0.0
0,0.0
0,0.0
0,0.0
0,0.0
0,0.0
0,0.0
0,0.0
0,0.0
0,0.0
0,0.0
0,0.0
0,0.0
0,0.0
0,0.0
0,0.0
0,0.0
0,0.0
0,0.0
99,0.0
0,0.0
0,0.0
0,0.0
0,0.0
0,0.0
0,0.0
0,0.0
0,0.0
0,0.0
0,0.0
0,0.0
0,0.0
0,0.0
0,0.0
99,0.0
0,0.0
0,0.0
0,0.0
0,0.0
0,0.0
0,0.0
0,0.0
0,0.0
0,0.0
0,0.0
0,0.0
0,0.0
0,0.0
0,0.0
99,0.0
0,0.0
0,0.0
0,0.0
0,0.0
0,0.0
0,0.0
0,0.0
0,0.0
0,0.0
0,0.0
0,0.0
0,0.0
0,0.0
0,0.0
0,0.0
0,0.0
0,0.0
0,0.0
0,0.0
0,0.0
0,0.0
0,0.0
0,0.0
0,0.0
0,0.0
0,0.0
0,0.0
0,0.0
0,0.0
0,0.0
0,0.0
0,0.0
0,0.0
0,0.0
0,0.0
0,0.0
0,0.0
0,0.0
0,0.0
0,0.0
0,0.0
0,0.0
0,0.0
0,0.0
0,0.0
0,0.0
0,0.0
0,0.0
0,384.0
0,0.0
0,0.0
0,0.0
0,0.0
0,0.0
100,0.0
0,0.0
100,0.0
0,0.0
0,0.0
0,0.0
0,0.0
0,0.0
0,0.0
0,0.0
0,0.0
0,0.0
0,0.0
0,0.0
0,0.0
0,0.0
0,0.0
0,0.0
0,0.0
0,0.0
0,0.0
0,0.0
0,0.0
0,0.0
0,0.0
0,0.0
0,0.0
0,0.0
0,0.0
0,0.0
0,0.0
0,0.0
0,0.0
0,0.0
0,0.0
0,0.0
0,0.0
0,0.0
0,0.0
0,0.0
0,0.0
0,0.0
0,803.9999999999999
0,0.0
0,0.0
0,0.0
0,0.0
0,0.0
0,0.0
0,0.0
0,0.0
0,0.0
0,0.0
0,0.0
0,0.0
0,0.0
0,0.0
0,0.0
0,0.0
0,0.0
0,0.0
0,0.0
0,0.0
0,0.0
0,0.0
0,38.33333333
102,0.0
0,0.0
0,0.0
0,0.0
0,0.0
0,0.0
0,0.0
0,0.0
0,0.0
0,0.0
0,0.0
0,0.0
0,0.0
102,0.0
0,0.0
102,0.0
0,0.0
0,0.0
0,0.0
0,0.0
102,0.0
0,0.0
0,0.0
0,0.0
0,0.0
0,0.0
0,0.0
0,0.0
0,0.0
0,0.0
0,0.0
0,0.0
102,0.0
0,0.0
0,0.0
0,0.0
0,0.0
0,0.0
0,0.0
0,0.0
102,0.0
0,0.0
0,0.0
0,0.0
0,0.0
0,0.0
0,0.0
0,0.0
0,0.0
0,0.0
0,0.0
0,0.0
0,0.0
0,0.0
0,0.0
0,0.0
0,0.0
0,0.0
0,0.0
102,0.0
0,0.0
0,0.0
0,0.0
0,0.0
0,0.0
0,0.0
0,0.0
0,0.0
0,0.0
0,0.0
0,92.0
0,0.0
0,34.66666667
0,44.0
0,66.00000000000001
0,169.5
0,53.0
0,147.0
0,116.5
0,29.999999999999996
0,260.5
0,177.5714286
0,285.8571429
0,115.0
116,123.25
0,142.99999999999997
0,283.0
0,357.0
0,201.16666669999998
0,120.0
0,110.5
0,117.7142857
0,231.0
0,135.0
0,119.2
0,154.0
0,214.00000000000003
0,602.0
0,325.0
0,649.0
0,354.0
0,25.5
0,19.09090909
0,51.0
0,56.93023256
0,115.83333329999999
0,99.01265823
0,31.72
0,109.5066667
0,82.875
142,181.5
0,33.0
0,115.4482759
0,34.0
0,17.66666667
0,101.09302329999998
0,7.499999999999999
0,32.9
0,122.0
0,37.888888890000004
0,38.4
0,70.14285714
0,71.69230769
0,264.0
0,259.0
0,104.5
0,11.0
0,103.50000000000001
160,66.88888889
0,48.93333333
0,49.0
0,76.72727273
0,93.83333333
0,198.0
0,99.78465347
0,129.4361702
0,75.6
0,47.15384615
0,35.33333333
0,38.22222221999999
0,91.59999999999998
0,146.5
0,18.666666669999998
0,91.21428571
0,33.5
0,45.33333333
0,130.7916667
0,106.2
0,107.4
0,181.99999999999997
0,141.6
0,52.0
0,49.75
0,65.66666667
186,57.2
0,156.4
0,116.99999999999999
0,57.66666666999999
0,43.64179104
0,56.00000000000001
0,275.0
0,46.0
0,26.25
0,32.16666667
196,61.800000000000004
0,105.0833333
0,108.49999999999999
0,70.03846154
0,139.75
0,54.66666666999999
0,78.625
0,143.0
0,36.90909091
0,45.33333333
0,104.30921049999999
0,29.5
0,50.75
0,29.625
210,117.0
0,77.1
0,80.5
0,26.499999999999996
0,67.62463343
0,18.0
0,38.85714286
0,20.0
0,45.0
0,31.0
0,48.00000000000001
0,24.666666669999998
0,13.5
0,82.625
0,189.0
0,44.66666667
0,27.0
0,27.000000000000004
0,13.0
0,37.5
0,113.80000000000001
0,37.666666670000005
0,33.88888889
0,38.0
0,16.0
0,698.5
0,96.63636364
0,129.6666667
0,142.0
0,63.00000000000001
0,76.5
0,103.19999999999999
0,100.55555559999999
0,124.0
0,72.25000000000001
0,349.1666667
0,62.84090909
0,5.0
0,104.0
0,23.000000000000004
0,10.0
0,34.625
0,33.0
0,1002.9999999999999
0,78.0
0,69.4
0,20.5
0,42.4
0,65.0
0,25.399999999999995
0,19.0
0,144.3333333
0,45.4516129
0,135.18181820000004
0,25.888888889999997
0,26.0
0,29.636363639999995
0,211.8
0,28.0
0,33.0
0,130.7
0,20.0
0,37.53846154
0,55.33333333
0,46.4
0,82.00414938
0,46.0
0,176.2
0,141.9642857
0,322.0
0,365.0
0,367.00000000000006
0,197.8333333
0,97.99999999999999
0,15.0
0,80.33333333
0,122.0
0,119.00000000000001
0,111.8
0,6.666666667
0,42.75
0,157.0
0,61.0
0,69.0
0,82.66666666999998
0,145.6666667
0,178.4285714
0,188.6666667
0,61.20000000000001
0,68.16666667
0,80.0
0,92.5
0,53.33333333
0,28.25
0,59.00000000000001
0,110.625
0,23.44117647
0,151.7777778
0,54.0
0,33.333333329999995
0,81.0
0,38.0
0,16.0
0,79.11111111
0,149.6
0,64.51851852
0,26.66666667
0,61.15384615000001
0,217.0
0,142.00000000000003
0,123.0
0,41.00000000000001
0,159.5
0,199.0
0,193.5
0,9.25
0,35.64285714
0,37.82608696
0,205.0
0,189.00000000000003
0,250.0
0,80.85714286
0,108.0
0,21.818181819999996
0,120.99999999999999
0,55.50000000000001
0,43.03846153999999
0,44.00000000000001
0,21.0
0,42.93421053
0,36.5
0,61.0
0,73.9
0,41.5
0,89.0
0,272.0
0,133.4
0,127.0
0,281.0
0,19.0
0,65.55319149
0,30.66666667
0,18.75
0,64.0
0,29.599999999999998
0,98.99999999999999
0,127.00000000000001
0,185.50000000000003
0,121.5
0,106.24999999999999
0,56.0
0,53.5
0,188.0
0,115.5
0,30.0
0,81.75
0,63.0
0,93.19999999999999
0,152.0
0,180.00000000000003
0,135.0
0,44.0
0,17.0
0,47.0
0,57.5
0,24.0
0,16.0
0,206.0
0,67.33333333000002
0,87.25
0,65.5
0,208.0
0,157.0
0,115.66666669999998
0,19.0
385,112.0833333
386,208.0
387,210.00000000000003
388,59.75
389,180.99999999999997
389,0.0
390,66.25
391,64.5
392,54.5
393,113.0
394,442.6666667
395,144.5
396,174.0
397,152.0
398,54.50000000000001
399,45.0
400,29.000000000000004
401,96.15789474
402,53.5
403,61.00000000000001
404,8.25
405,105.50000000000001
406,165.0
407,107.99999999999999
408,37.125
409,127.0
410,54.5
411,64.0
412,40.0
413,56.9
414,102.25
415,34.0
416,29.999999999999996
417,41.00000000000001
418,37.0
419,36.0
420,78.71428570999998
421,100.3333333
422,96.00000000000001
423,89.0
424,46.375
425,31.75
426,9.333333333
427,49.00000000000001
428,10.42857143
429,43.0
430,19.42857143
431,24.714285710000002
432,141.0
433,139.0
434,72.35714286
435,40.5
436,55.33333333
437,71.0
438,39.00000000000001
439,54.0
440,56.33333333
441,62.5
442,165.0
443,183.0
444,189.5
445,128.0
446,73.0
447,307.0
448,71.00000000000001
449,25.0
450,61.00000000000001
451,58.0
452,20.0
452,0.0
453,157.75
453,0.0
454,82.00000000000001
455,153.0
456,36.00000000000001
457,85.5
458,89.75
459,53.00000000000001
460,48.0
461,48.00000000000001
462,15.333333329999999
463,26.333333330000002
464,26.999999999999996
465,15.66666667
466,56.19354838999999
467,86.125
468,114.3333333
469,132.5555556
470,112.49999999999999
471,101.3
471,0.0
472,4.733333333
473,72.71428571
474,63.59090908999999
475,12.46875
476,133.0
477,6.379310345
478,86.54545455
479,68.89655172
480,76.0
481,74.72727273
482,47.0
483,97.14285714000002
484,19.0
485,43.25
486,56.24999999999999
487,61.64912281000001
488,56.26086957
489,93.66666666999998
490,60.00000000000001
491,16.90909091
492,64.69565217
493,15.0
494,38.44444444
495,118.24999999999999
496,23.0
497,144.5
498,22.0
499,38.8
500,60.50000000000001
501,108.3636364
502,93.125
0,0.0
0,102.0
0,113.0
3,232.5
4,46.08333333
0,91.0
6,69.0
7,210.5
8,89.5
9,21.0
10,21.0
0,21.0
12,19.0
0,27.000000000000004
14,27.0
15,229.2
0,54.5
0,163.0
18,123.09090909999999
0,180.6666667
0,0.0
0,53.0
22,31.230769229999996
23,128.2
0,62.88461538
25,2.0
0,64.875
27,34.0
0,121.5
29,53.0
30,27.66666667
31,39.85714286
0,96.0
0,44.0
34,24.999999999999996
0,379.0
0,126.0
0,0.0
0,50.0
0,107.0
0,43.74825175
40,46.28571429
41,32.0
42,45.33333333
0,77.0
44,109.85714289999999
45,103.6666667
46,38.66666667
0,72.0
48,61.5
49,52.7
0,31.0
50,0.0
51,38.0
52,8.0
0,11.18181818
0,0.0
0,118.46666670000002
56,22.0
57,39.0
0,273.3333333
59,38.0
0,13.66666667
0,215.0
0,216.0
0,113.0
64,29.0
0,272.0
66,23.0
67,219.99999999999997
0,448.00000000000006
0,595.0
0,604.0
0,0.0
0,27.0
72,19.0
0,16.75
0,42.0
75,240.0
0,181.8
0,85.5
78,139.0
0,174.00000000000003
0,348.0
81,34.875
0,40.5
83,84.66666667
0,207.66666670000004
0,52.16666667
86,56.800000000000004
87,0.0
0,3.0000000000000004
89,12.0
0,108.6666667
0,67.71428571
91,0.0
91,0.0
0,0.0
91,0.0
0,0.0
91,0.0
91,0.0
91,0.0
0,0.0
91,0.0
0,0.0
0,0.0
91,0.0
0,0.0
0,0.0
91,0.0
0,0.0
0,0.0
91,0.0
0,0.0
0,0.0
0,0.0
91,0.0
0,0.0
0,0.0
91,0.0
0,0.0
91,0.0
0,0.0
0,0.0
91,0.0
91,0.0
0,0.0
0,0.0
0,0.0
0,0.0
0,0.0
0,0.0
0,0.0
0,0.0
91,0.0
0,0.0
91,0.0
91,0.0
91,0.0
0,0.0
0,0.0
92,0.0
0,0.0
0,0.0
92,0.0
92,0.0
0,0.0
0,0.0
92,0.0
0,0.0
0,0.0
0,0.0
0,0.0
92,0.0
92,0.0
92,0.0
92,0.0
0,0.0
0,0.0
0,0.0
0,0.0
0,0.0
0,0.0
0,0.0
92,0.0
0,0.0
0,0.0
92,0.0
0,0.0
0,0.0
0,0.0
0,0.0
92,0.0
0,0.0
92,0.0
0,0.0
0,0.0
0,0.0
0,0.0
92,0.0
0,0.0
0,0.0
0,0.0
0,0.0
0,0.0
0,0.0
0,0.0
92,0.0
92,0.0
92,0.0
0,0.0
0,0.0
0,0.0
0,0.0
0,0.0
0,0.0
0,0.0
0,0.0
92,0.0
92,0.0
0,0.0
0,0.0
0,0.0
92,0.0
0,0.0
0,0.0
0,0.0
0,0.0
0,0.0
0,0.0
0,0.0
0,0.0
0,0.0
0,0.0
0,0.0
0,0.0
0,0.0
92,0.0
92,0.0
0,0.0
0,0.0
0,0.0
0,0.0
0,0.0
0,0.0
92,0.0
0,0.0
0,0.0
92,0.0
92,0.0
0,0.0
92,0.0
0,0.0
0,0.0
0,0.0
0,0.0
0,0.0
0,0.0
0,0.0
0,0.0
0,0.0
0,0.0
0,0.0
0,0.0
0,0.0
0,0.0
0,0.0
0,0.0
0,0.0
0,0.0
0,0.0
0,0.0
0,0.0
0,0.0
0,0.0
0,0.0
0,0.0
0,0.0
0,0.0
0,0.0
0,0.0
0,148.0
0,0.0
93,0.0
0,0.0
0,0.0
0,0.0
0,0.0
0,0.0
94,0.0
0,0.0
0,0.0
0,0.0
0,0.0
0,0.0
0,0.0
0,0.0
94,0.0
0,0.0
0,0.0
0,0.0
0,0.0
0,0.0
0,0.0
94,0.0
0,0.0
0,0.0
0,0.0
0,9.4
0,0.0
0,0.0
0,0.0
0,0.0
0,0.0
0,0.0
0,0.0
0,0.0
0,0.0
0,0.0
95,0.0
0,0.0
95,0.0
0,0.0
0,0.0
0,0.0
0,0.0
0,0.0
0,0.0
0,0.0
0,0.0
0,0.0
0,0.0
0,0.0
0,0.0
0,0.0
0,0.0
0,0.0
0,0.0
0,0.0
0,0.0
0,0.0
0,0.0
0,198.5
0,0.0
0,0.0
0,0.0
0,0.0
0,0.0
96,0.0
0,0.0
96,0.0
0,0.0
0,0.0
96,0.0
96,0.0
0,0.0
96,0.0
0,0.0
96,0.0
0,0.0
0,0.0
0,0.0
0,0.0
0,0.0
0,0.0
0,0.0
0,0.0
0,134.0
0,0.0
97,0.0
97,0.0
0,0.0
0,0.0
0,0.0
0,0.0
0,0.0
0,0.0
0,0.0
0,0.0
0,0.0
0,0.0
0,0.0
0,0.0
0,0.0
0,0.0
0,0.0
0,0.0
0,0.0
0,0.0
0,0.0
0,0.0
0,0.0
97,0.0
0,0.0
0,0.0
0,0.0
0,0.0
0,0.0
0,0.0
0,0.0
0,0.0
0,0.0
0,0.0
0,0.0
0,0.0
0,0.0
0,0.0
97,0.0
0,0.0
0,0.0
0,0.0
0,0.0
0,0.0
0,0.0
0,0.0
0,0.0
0,0.0
0,0.0
0,0.0
0,0.0
0,0.0
0,0.0
97,0.0
0,0.0
0,0.0
0,0.0
0,0.0
0,0.0
0,0.0
0,0.0
0,0.0
0,0.0
0,0.0
0,0.0
0,0.0
0,0.0
0,0.0
0,0.0
0,0.0
0,0.0
0,0.0
0,0.0
0,0.0
0,0.0
0,0.0
0,0.0
0,0.0
0,0.0
0,0.0
0,0.0
0,0.0
0,0.0
0,33.2
0,0.0
0,0.0
0,0.0
0,0.0
0,0.0
0,0.0
0,0.0
0,0.0
0,0.0
0,0.0
0,0.0
0,0.0
0,0.0
0,0.0
0,0.0
0,0.0
0,0.0
0,0.0
0,384.0
0,0.0
0,0.0
0,0.0
0,0.0
0,0.0
99,0.0
0,0.0
99,0.0
0,0.0
0,0.0
0,0.0
0,0.0
0,0.0
0,0.0
0,0.0
0,0.0
0,0.0
0,0.0
0,0.0
0,0.0
0,0.0
0,0.0
0,0.0
0,0.0
0,0.0
0,0.0
0,0.0
0,0.0
0,0.0
0,0.0
0,0.0
0,0.0
0,0.0
0,0.0
0,0.0
0,0.0
0,0.0
0,0.0
0,0.0
0,0.0
0,0.0
0,0.0
0,0.0
0,0.0
0,0.0
0,0.0
0,0.0
0,803.9999999999999
0,0.0
0,0.0
0,0.0
0,0.0
0,0.0
0,0.0
0,0.0
0,0.0
0,0.0
0,0.0
0,0.0
0,0.0
0,0.0
0,0.0
0,0.0
0,0.0
0,0.0
0,0.0
0,0.0
0,0.0
0,0.0
0,0.0
0,38.33333333
101,0.0
0,0.0
0,0.0
0,0.0
0,0.0
0,0.0
0,0.0
0,0.0
0,0.0
0,0.0
0,0.0
0,0.0
0,0.0
101,0.0
0,0.0
101,0.0
0,0.0
0,0.0
0,0.0
0,0.0
101,0.0
0,0.0
0,0.0
0,0.0
0,0.0
0,0.0
0,0.0
0,0.0
0,24.499999999999996
0,0.0
0,0.0
0,0.0
102,0.0
0,0.0
0,0.0
0,0.0
0,0.0
0,0.0
0,0.0
0,0.0
102,0.0
0,0.0
0,0.0
0,0.0
0,0.0
0,0.0
0,0.0
0,0.0
0,0.0
0,0.0
0,0.0
0,0.0
0,0.0
0,0.0
0,0.0
0,0.0
0,0.0
0,0.0
0,0.0
102,0.0
0,0.0
0,0.0
0,0.0
0,0.0
0,0.0
0,0.0
0,0.0
0,0.0
0,0.0
0,0.0
0,92.0
0,0.0
0,34.66666667
0,44.0
0,66.00000000000001
0,169.5
0,53.0
0,147.0
0,116.5
0,29.999999999999996
0,260.5
0,177.5714286
0,285.8571429
0,115.0
116,123.25
0,142.99999999999997
0,283.0
0,357.0
0,201.16666669999998
0,120.0
0,110.5
0,117.7142857
0,231.0
0,135.0
0,119.2
0,154.0
0,214.00000000000003
0,602.0
0,325.0
0,649.0
0,354.0
0,25.5
0,19.09090909
0,51.0
0,56.93023256
0,115.83333329999999
0,99.01265823
0,31.72
0,109.5066667
0,82.875
142,181.5
0,33.0
0,115.4482759
0,34.0
0,17.66666667
0,101.09302329999998
0,7.499999999999999
0,32.9
0,122.0
0,37.888888890000004
0,38.4
0,70.14285714
0,71.69230769
0,264.0
0,259.0
0,104.5
0,11.0
0,103.50000000000001
160,66.88888889
0,48.93333333
0,49.0
0,76.72727273
0,93.83333333
0,198.0
0,99.78465347
0,129.4361702
0,75.6
0,47.15384615
0,35.33333333
0,38.22222221999999
0,91.59999999999998
0,146.5
0,18.666666669999998
0,91.21428571
0,33.5
0,45.33333333
0,130.7916667
0,106.2
0,0.0
0,182.0
0,141.6
0,52.0
0,49.75000000000001
0,65.66666667
185,57.2
0,156.4
0,116.99999999999999
0,57.66666666999999
0,43.641791039999994
0,56.00000000000001
0,275.0
0,46.0
0,26.250000000000004
0,32.16666667
195,61.8
0,105.0833333
0,108.50000000000001
0,70.03846154000001
0,139.75
0,54.66666667
0,78.625
0,143.00000000000003
0,36.90909091
0,45.33333333
0,104.3092105
0,29.5
0,50.75
0,29.625
209,116.99999999999999
0,77.1
0,80.5
0,26.5
0,67.62463343
0,18.0
0,38.85714286
0,20.0
0,45.00000000000001
0,31.0
0,48.0
0,24.66666667
0,13.5
0,82.625
0,188.99999999999997
0,44.66666667
0,27.0
0,27.0
0,13.000000000000002
0,37.5
0,113.79999999999998
0,37.66666667
0,33.88888889
0,38.0
0,16.0
0,698.5
0,96.63636364
0,129.66666670000004
0,142.0
0,63.0
0,76.5
0,103.2
0,100.5555556
0,123.99999999999999
0,72.25
0,349.1666667
0,62.84090909
0,5.0
0,104.0
0,23.0
0,10.0
0,34.625
0,33.0
0,1002.9999999999999
0,78.0
0,69.4
0,20.499999999999996
0,42.4
0,65.0
0,25.400000000000002
0,18.999999999999996
0,144.3333333
0,45.45161290000001
0,135.1818182
0,25.88888889
0,26.000000000000004
0,29.636363639999995
0,211.8
0,27.999999999999996
0,33.0
0,130.7
0,20.0
0,37.53846154
0,55.33333333
0,46.4
0,82.00414938
0,46.0
0,176.20000000000002
0,141.9642857
0,322.00000000000006
0,365.0
0,367.0
0,197.8333333
0,98.0
0,15.0
0,80.33333333
0,122.00000000000001
0,119.0
0,111.8
0,6.666666667
0,42.75
0,157.0
0,61.0
0,69.0
0,82.66666667
0,145.6666667
0,178.4285714
0,188.6666667
0,61.20000000000001
0,68.16666667
0,80.0
0,92.49999999999999
0,53.333333329999995
0,28.249999999999996
0,59.00000000000001
0,110.625
0,23.44117647
0,151.77777780000002
0,54.0
0,33.33333333
0,81.0
0,38.0
0,16.0
0,79.11111111000001
0,149.6
0,64.51851852000001
0,26.66666667
0,61.15384615000001
0,217.0
0,142.0
0,123.0
0,41.00000000000001
0,159.5
0,199.0
0,193.5
0,9.25
0,35.64285714
0,37.826086960000005
0,204.99999999999997
0,189.00000000000003
0,249.99999999999997
0,80.85714286000001
0,108.0
0,21.81818182
0,121.00000000000001
0,55.5
0,43.03846153999999
0,44.0
0,21.0
0,42.934210529999994
0,36.5
0,61.0
0,73.9
0,41.5
0,89.0
0,272.0
0,133.4
0,127.0
0,281.00000000000006
0,19.0
0,65.55319149
0,30.66666667
0,18.75
0,64.0
0,29.6
0,99.00000000000001
0,127.00000000000001
0,185.5
0,121.49999999999999
0,106.24999999999999
0,56.0
0,53.5
0,188.0
0,115.5
0,30.0
0,81.75
0,63.00000000000001
0,93.2
0,152.0
0,180.00000000000003
0,135.0
0,44.0
0,17.0
0,0.0
0,57.5
0,24.0
0,15.999999999999998
0,206.0
0,67.33333333
0,87.25
0,65.5
0,208.0
0,157.0
0,115.6666667
0,19.0
383,112.08333329999999
384,208.0
385,210.00000000000003
386,59.75
387,181.0
387,0.0
388,66.25
389,64.5
390,54.5
391,113.00000000000001
392,442.66666670000006
393,144.5
394,174.0
395,152.0
396,54.5
397,45.0
398,29.0
399,96.15789474000002
400,53.5
401,60.99999999999999
402,8.25
403,105.49999999999999
404,165.0
405,108.0
406,37.125
407,126.99999999999999
408,54.5
409,64.0
410,40.0
411,56.900000000000006
412,102.25
413,34.0
414,30.0
415,41.00000000000001
416,36.99999999999999
417,35.99999999999999
418,78.71428570999998
419,100.33333330000002
420,96.0
421,88.99999999999999
422,46.37499999999999
423,31.75
424,9.333333333
425,49.0
426,10.42857143
427,43.0
428,19.42857143
429,24.71428571
430,140.99999999999997
431,139.0
432,72.35714286
433,40.5
434,55.33333333000001
435,71.0
436,39.0
437,53.99999999999999
438,56.33333333000001
439,62.5
440,165.0
441,183.0
442,189.5
443,127.99999999999999
444,73.0
445,307.0
446,71.0
447,25.000000000000004
448,60.99999999999999
449,58.00000000000001
450,20.0
451,18.0
452,157.75
453,159.0
454,82.00000000000001
455,153.0
456,36.00000000000001
457,85.5
458,89.75
459,53.00000000000001
460,48.0
461,48.00000000000001
462,15.333333329999999
463,26.333333330000002
464,26.999999999999996
465,15.66666667
466,56.19354838999999
467,86.125
468,114.3333333
469,132.5555556
470,112.49999999999999
471,101.3
471,0.0
472,4.733333333
473,72.71428571
474,63.59090908999999
475,12.46875
476,133.0
477,6.379310345
478,86.54545455
479,68.89655172
480,76.0
481,74.72727273
482,47.0
483,97.14285714000002
484,19.0
485,43.25
486,56.24999999999999
487,61.64912281000001
488,56.26086957
489,93.66666666999998
490,60.00000000000001
491,16.90909091
492,64.69565217
493,15.0
494,38.44444444
495,118.24999999999999
496,23.0
497,144.5
498,22.0
499,38.8
500,60.50000000000001
501,108.3636364
502,93.125
0,0.0
0,102.0
0,113.0
3,232.5
4,46.08333333
0,91.0
6,69.0
7,210.5
8,89.5
9,21.0
10,21.0
0,21.0
12,19.0
0,27.000000000000004
14,27.0
15,229.2
0,54.5
0,163.0
18,123.09090909999999
0,180.6666667
0,0.0
0,53.0
22,31.230769229999996
23,128.2
0,62.88461538
25,2.0
0,64.875
27,34.0
0,121.5
29,53.0
30,27.66666667
31,39.85714286
0,96.0
0,44.0
34,24.999999999999996
0,379.0
0,126.0
0,0.0
0,50.0
0,107.0
0,43.74825175
40,46.28571429
41,32.0
42,45.33333333
0,77.0
44,109.85714289999999
45,103.6666667
46,38.66666667
0,72.0
48,61.5
49,52.7
0,31.0
51,132.0
52,38.0
53,8.0
0,11.18181818
0,0.0
0,118.4666667
57,22.000000000000004
58,39.0
0,273.33333329999994
60,38.0
0,13.666666669999998
0,214.99999999999997
0,216.0
0,113.0
65,29.0
0,272.0
67,23.0
68,220.0
0,447.99999999999994
0,595.0
0,604.0
0,350.00000000000006
0,27.0
74,19.0
0,16.75
0,41.99999999999999
77,239.99999999999997
0,181.8
0,85.5
80,139.0
0,174.00000000000003
0,348.0
83,34.875
0,40.5
85,84.66666667
0,207.6666667
0,52.16666666999999
88,56.8
89,0.0
0,3.0
91,12.0
0,108.6666667
0,67.71428571
93,0.0
93,0.0
0,0.0
93,0.0
0,0.0
93,0.0
93,0.0
93,0.0
0,0.0
93,0.0
0,0.0
0,0.0
93,0.0
0,0.0
0,0.0
93,0.0
0,0.0
0,0.0
93,0.0
0,0.0
0,0.0
0,0.0
93,0.0
0,0.0
0,0.0
93,0.0
0,0.0
93,0.0
0,0.0
0,0.0
93,0.0
93,0.0
0,0.0
0,0.0
0,0.0
0,0.0
0,0.0
0,0.0
0,0.0
0,0.0
93,0.0
0,0.0
93,0.0
93,0.0
93,0.0
0,0.0
0,0.0
94,0.0
0,0.0
0,0.0
94,0.0
94,0.0
0,0.0
0,0.0
94,0.0
0,0.0
0,0.0
0,0.0
0,0.0
94,0.0
94,0.0
94,0.0
94,0.0
0,0.0
0,0.0
0,0.0
0,0.0
0,0.0
0,0.0
0,0.0
94,0.0
0,0.0
0,0.0
94,0.0
0,0.0
0,0.0
0,0.0
0,0.0
94,0.0
0,0.0
94,0.0
0,0.0
0,0.0
0,0.0
0,0.0
94,0.0
0,0.0
0,0.0
0,0.0
0,0.0
0,0.0
0,0.0
0,0.0
94,0.0
94,0.0
94,0.0
0,0.0
0,0.0
0,0.0
0,0.0
0,0.0
0,0.0
0,0.0
0,0.0
94,0.0
94,0.0
0,0.0
0,0.0
0,0.0
94,0.0
0,0.0
0,0.0
0,0.0
0,0.0
0,0.0
0,0.0
0,0.0
0,0.0
0,0.0
0,0.0
0,0.0
0,0.0
0,0.0
94,0.0
94,0.0
0,0.0
0,0.0
0,0.0
0,0.0
0,0.0
0,0.0
94,0.0
0,0.0
0,0.0
94,0.0
94,0.0
0,0.0
94,0.0
0,0.0
0,0.0
0,0.0
0,0.0
0,0.0
0,0.0
0,0.0
0,0.0
0,0.0
0,0.0
0,0.0
0,0.0
0,0.0
0,0.0
0,0.0
0,0.0
0,0.0
0,0.0
0,0.0
0,0.0
0,60.5
0,0.0
0,0.0
0,0.0
0,0.0
0,0.0
0,0.0
0,0.0
0,0.0
0,148.0
0,0.0
96,0.0
0,0.0
0,0.0
0,0.0
0,0.0
0,0.0
97,0.0
0,0.0
0,0.0
0,0.0
0,0.0
0,0.0
0,0.0
0,0.0
97,0.0
0,0.0
0,0.0
0,0.0
0,0.0
0,0.0
0,0.0
97,0.0
0,0.0
0,0.0
0,0.0
0,0.0
0,0.0
0,0.0
0,0.0
0,0.0
0,0.0
0,0.0
0,0.0
0,0.0
0,0.0
0,0.0
97,0.0
0,0.0
97,0.0
0,0.0
0,0.0
0,0.0
0,0.0
0,0.0
0,0.0
0,0.0
0,0.0
0,0.0
0,0.0
0,0.0
0,0.0
0,0.0
0,0.0
0,0.0
0,0.0
0,0.0
0,0.0
0,0.0
0,0.0
0,198.5
0,0.0
0,0.0
0,0.0
0,0.0
0,0.0
98,0.0
0,0.0
98,0.0
0,0.0
0,0.0
98,0.0
98,0.0
0,0.0
98,0.0
0,0.0
98,0.0
0,0.0
0,0.0
0,0.0
0,0.0
0,0.0
0,0.0
0,0.0
0,0.0
0,0.0
0,0.0
98,0.0
98,0.0
0,0.0
0,0.0
0,0.0
0,0.0
0,0.0
0,0.0
0,0.0
0,0.0
0,0.0
0,0.0
0,0.0
0,0.0
0,0.0
0,0.0
0,0.0
0,0.0
0,0.0
0,0.0
0,0.0
0,0.0
0,0.0
98,0.0
0,0.0
0,0.0
0,0.0
0,0.0
0,0.0
0,0.0
0,0.0
0,0.0
0,0.0
0,0.0
0,0.0
0,0.0
0,0.0
0,0.0
98,0.0
0,0.0
0,0.0
0,0.0
0,0.0
0,0.0
0,0.0
0,0.0
0,0.0
0,0.0
0,0.0
0,0.0
0,0.0
0,0.0
0,0.0
98,0.0
0,0.0
0,0.0
0,0.0
0,0.0
0,0.0
0,0.0
0,0.0
0,0.0
0,0.0
0,0.0
0,0.0
0,0.0
0,0.0
0,0.0
0,0.0
0,0.0
0,0.0
0,0.0
0,0.0
0,0.0
0,0.0
0,0.0
0,0.0
0,0.0
0,0.0
0,0.0
0,0.0
0,0.0
0,0.0
0,0.0
0,0.0
0,0.0
0,0.0
0,0.0
0,0.0
0,0.0
0,0.0
0,0.0
0,0.0
0,0.0
0,0.0
0,0.0
0,0.0
0,0.0
0,0.0
0,0.0
0,0.0
0,0.0
0,384.0
0,0.0
0,0.0
0,0.0
0,0.0
0,0.0
99,0.0
0,0.0
99,0.0
0,0.0
0,0.0
0,0.0
0,0.0
0,0.0
0,0.0
0,0.0
0,0.0
0,0.0
0,0.0
0,0.0
0,0.0
0,0.0
0,0.0
0,0.0
0,0.0
0,0.0
0,0.0
0,0.0
0,0.0
0,0.0
0,0.0
0,0.0
0,0.0
0,0.0
0,0.0
0,0.0
0,0.0
0,0.0
0,0.0
0,0.0
0,0.0
0,0.0
0,0.0
0,0.0
0,0.0
0,0.0
0,0.0
0,0.0
0,803.9999999999999
0,0.0
0,0.0
0,0.0
0,0.0
0,0.0
0,0.0
0,0.0
0,0.0
0,0.0
0,0.0
0,0.0
0,0.0
0,0.0
0,0.0
0,0.0
0,0.0
0,0.0
0,0.0
0,0.0
0,0.0
0,0.0
0,0.0
0,38.33333333
101,0.0
0,0.0
0,0.0
0,0.0
0,0.0
0,0.0
0,0.0
0,0.0
0,0.0
0,0.0
0,0.0
0,0.0
0,0.0
101,0.0
0,0.0
101,0.0
0,0.0
0,0.0
0,0.0
0,0.0
101,0.0
0,0.0
0,0.0
0,0.0
0,0.0
0,0.0
0,0.0
0,0.0
0,0.0
0,0.0
0,0.0
0,0.0
101,0.0
0,0.0
0,0.0
0,0.0
0,0.0
0,0.0
0,0.0
0,0.0
101,0.0
0,0.0
0,0.0
0,0.0
0,0.0
0,0.0
0,0.0
0,0.0
0,0.0
0,0.0
0,0.0
0,0.0
0,0.0
0,0.0
0,0.0
0,0.0
0,0.0
0,0.0
0,0.0
101,0.0
0,0.0
0,0.0
0,0.0
0,0.0
0,0.0
0,0.0
0,0.0
0,0.0
0,0.0
0,0.0
0,92.0
0,0.0
0,34.66666667
0,44.0
0,66.0
0,169.49999999999997
0,52.99999999999999
0,146.99999999999997
0,116.49999999999999
0,30.000000000000004
0,260.5
0,177.5714286
0,285.8571429
0,115.0
115,123.24999999999999
0,143.0
0,283.0
0,357.0
0,201.1666667
0,120.0
0,110.5
0,117.71428569999999
0,231.0
0,135.0
0,119.19999999999999
0,153.99999999999997
0,214.0
0,0.0
0,325.0
0,649.0
0,354.0
0,25.5
0,19.09090909
0,51.0
0,56.93023256
0,115.83333330000002
0,99.01265823
0,31.72
0,109.5066667
0,82.875
140,181.5
0,33.0
0,115.4482759
0,34.0
0,17.66666667
0,101.0930233
0,7.500000000000001
0,32.9
0,122.0
0,37.88888889
0,38.4
0,70.14285714
0,71.69230769
0,264.0
0,259.0
0,104.5
0,11.0
0,103.5
158,66.88888889
0,48.93333333
0,48.99999999999999
0,76.72727273
0,93.83333333
0,198.00000000000003
0,99.78465347
0,129.4361702
0,75.60000000000001
0,47.15384615
0,35.33333333
0,38.22222222
0,91.59999999999998
0,146.5
0,18.66666667
0,91.21428571000001
0,33.5
0,45.33333333
0,130.7916667
0,106.20000000000002
0,107.4
0,182.00000000000003
0,141.60000000000002
0,52.0
0,49.75000000000001
0,65.66666667
184,57.20000000000001
0,156.40000000000003
0,117.0
0,57.66666666999999
0,43.64179104
0,56.0
0,275.0
0,45.99999999999999
0,26.25
0,32.16666667
194,61.8
0,105.08333329999999
0,108.5
0,70.03846154
0,139.75000000000003
0,54.66666667
0,78.625
0,143.0
0,36.90909091
0,45.33333333000001
0,104.30921050000002
0,29.499999999999996
0,50.74999999999999
0,29.625
208,117.0
0,77.1
0,80.5
0,26.500000000000004
0,67.62463343
0,18.0
0,38.85714286
0,20.0
0,45.0
0,31.0
0,48.0
0,24.66666667
0,13.499999999999998
0,82.625
0,189.0
0,44.66666667
0,27.0
0,27.0
0,13.000000000000002
0,37.49999999999999
0,113.79999999999998
0,37.66666667
0,33.88888889
0,38.0
0,16.0
0,698.5
0,96.63636364000001
0,129.6666667
0,142.0
0,63.00000000000001
0,76.49999999999999
0,103.19999999999999
0,100.55555559999999
0,123.99999999999999
0,72.25000000000001
0,349.1666667
0,62.84090909
0,5.0
0,103.99999999999999
0,22.999999999999996
0,10.0
0,34.625
0,33.0
0,1002.9999999999999
0,78.0
0,69.4
0,20.5
0,42.4
0,65.0
0,25.4
0,18.999999999999996
0,144.3333333
0,45.4516129
0,135.1818182
0,25.88888889
0,26.0
0,29.63636364
0,211.8
0,28.0
0,32.99999999999999
0,130.7
0,20.0
0,37.53846154
0,55.33333333
0,46.39999999999999
0,82.00414938
0,46.00000000000001
0,176.2
0,141.9642857
0,322.0
0,365.0
0,367.0
0,197.83333329999996
0,98.0
0,15.0
0,80.33333333
0,122.00000000000001
0,119.0
0,111.79999999999998
0,6.666666666999999
0,42.75
0,157.0
0,60.99999999999999
0,69.0
0,82.66666667
0,145.6666667
0,178.42857139999998
0,188.6666667
0,61.20000000000001
0,68.16666667000001
0,80.0
0,92.5
0,53.33333333
0,28.25
0,59.0
0,110.625
0,23.44117647
0,151.7777778
0,53.99999999999999
0,33.33333333
0,81.0
0,38.0
0,16.0
0,79.11111111
0,149.6
0,64.51851852
0,26.666666670000005
0,61.15384615
0,217.0
0,142.0
0,122.99999999999999
0,41.0
0,159.5
0,199.0
0,193.50000000000003
0,9.25
0,35.64285714
0,37.82608696
0,204.99999999999997
0,0.0
0,250.0
0,80.85714286
0,108.0
0,21.81818182
0,121.0
0,55.5
0,43.03846153999999
0,44.00000000000001
0,21.0
0,42.93421053000001
0,36.5
0,60.99999999999999
0,73.9
0,41.5
0,89.0
0,272.0
0,133.4
0,127.0
0,281.0
0,19.0
0,65.55319149
0,30.666666670000005
0,18.75
0,64.0
0,29.6
0,99.0
0,127.00000000000001
0,185.5
0,121.50000000000001
0,106.25000000000001
0,56.0
0,53.5
0,188.0
0,115.49999999999999
0,30.0
0,81.75
0,63.0
0,93.20000000000002
0,152.0
0,180.00000000000003
0,135.00000000000003
0,44.0
0,17.0
0,47.0
0,57.5
0,24.0
0,16.0
0,206.0
0,67.33333333
0,87.24999999999999
0,65.5
0,208.0
0,156.99999999999997
0,115.6666667
0,19.0
382,112.08333330000002
383,208.00000000000003
384,210.0
385,59.75
386,181.0
386,0.0
387,66.25
388,64.5
389,54.5
390,112.99999999999999
391,442.6666667
392,144.5
393,173.99999999999997
394,152.0
395,54.50000000000001
396,45.0
397,29.0
398,96.15789474
399,53.5
400,61.0
401,8.25
402,105.5
403,165.0
404,107.99999999999999
405,37.125
406,127.0
407,54.5
408,64.0
409,40.0
410,56.900000000000006
411,102.25000000000001
412,34.0
413,29.999999999999996
414,41.0
415,37.0
416,36.0
417,78.71428571
418,100.3333333
419,96.0
420,89.0
421,46.375
422,31.75
423,9.333333333
424,48.99999999999999
425,10.428571430000002
426,43.0
427,19.42857143
428,24.714285709999995
429,141.0
430,139.0
431,72.35714285999998
432,40.5
433,55.33333333000001
434,71.0
435,39.0
436,54.0
437,56.33333333
438,62.5
439,165.0
440,183.0
441,189.49999999999997
442,128.0
443,73.0
444,307.0
445,71.0
446,25.0
447,61.0
448,57.99999999999999
449,20.0
450,18.0
451,157.75
452,159.00000000000003
453,82.0
454,153.0
455,36.0
456,85.5
457,89.74999999999999
458,53.0
459,48.0
460,48.0
461,15.333333329999999
462,26.33333333
463,27.0
464,15.66666667
465,56.193548390000004
466,86.125
467,114.33333330000002
468,132.5555556
469,112.50000000000001
470,101.3
470,0.0
471,4.733333333
472,72.71428571
473,63.59090908999999
474,12.468749999999998
475,133.0
476,6.379310345
477,86.54545455
478,68.89655172
479,76.0
480,74.72727273
481,46.99999999999999
482,97.14285714
483,19.0
484,43.25
485,56.25
486,61.64912281
487,56.26086957
488,93.66666667
489,60.0
490,16.90909091
491,64.69565217
492,15.000000000000002
493,38.44444444
494,118.25
495,23.0
496,144.5
497,22.0
498,38.8
499,60.50000000000001
500,108.36363639999999
501,93.125
